{
    "instance_name": "C201",
    "instance_origin": "Solomon1987",
    "benchmark_name": "Sintef2008",
    "num_customers": 50,
    "num_vehicles": 25,
    "vehicle_capacity": 700,
    "coordinates": [
        [40, 50],
        [52, 75],
        [45, 70],
        [62, 69],
        [60, 66],
        [42, 65],
        [16, 42],
        [58, 70],
        [34, 60],
        [28, 70],
        [35, 66],
        [35, 69],
        [25, 85],
        [22, 75],
        [22, 85],
        [20, 80],
        [20, 85],
        [18, 75],
        [15, 75],
        [15, 80],
        [30, 50],
        [30, 56],
        [28, 52],
        [14, 66],
        [25, 50],
        [22, 66],
        [8, 62],
        [23, 52],
        [4, 55],
        [20, 50],
        [20, 55],
        [10, 35],
        [10, 40],
        [8, 40],
        [8, 45],
        [5, 35],
        [5, 45],
        [2, 40],
        [0, 40],
        [0, 45],
        [36, 18],
        [35, 32],
        [33, 32],
        [33, 35],
        [32, 20],
        [30, 30],
        [34, 25],
        [30, 35],
        [36, 40],
        [48, 20],
        [26, 32]
    ],
    "demands": [0, 10, 30, 10, 10, 10, 20, 20, 20, 10, 10, 10, 20, 30, 10, 40, 40, 20, 20, 10, 10, 20, 20, 10, 10, 40, 10, 10, 20, 10, 10, 20, 30, 40, 20, 10, 10, 20, 30, 20, 10, 10, 20, 10, 10, 10, 30, 10, 10, 10, 10],
    "service_times": [0, 90, 90, 90, 90, 90, 90, 90, 90, 90, 90, 90, 90, 90, 90, 90, 90, 90, 90, 90, 90, 90, 90, 90, 90, 90, 90, 90, 90, 90, 90, 90, 90, 90, 90, 90, 90, 90, 90, 90, 90, 90, 90, 90, 90, 90, 90, 90, 90, 90, 90],
    "time_windows": [
        [0, 3390],
        [311, 471],
        [213, 373],
        [1167, 1327],
        [1261, 1421],
        [25, 185],
        [497, 657],
        [1073, 1233],
        [2887, 3047],
        [2601, 2761],
        [2791, 2951],
        [2698, 2858],
        [2119, 2279],
        [2405, 2565],
        [2026, 2186],
        [2216, 2376],
        [1934, 2094],
        [2311, 2471],
        [1742, 1902],
        [1837, 1997],
        [10, 170],
        [2983, 3143],
        [22, 182],
        [1643, 1803],
        [116, 276],
        [2504, 2664],
        [1545, 1705],
        [209, 369],
        [1447, 1607],
        [398, 558],
        [303, 463],
        [781, 941],
        [593, 753],
        [685, 845],
        [1346, 1506],
        [876, 1036],
        [1253, 1413],
        [971, 1131],
        [1063, 1223],
        [1158, 1318],
        [1819, 1979],
        [2758, 2918],
        [2666, 2826],
        [2573, 2733],
        [1913, 2073],
        [2105, 2265],
        [2009, 2169],
        [2480, 2640],
        [2856, 3016],
        [967, 1127],
        [2292, 2452]
    ],
    "depot": 0,
    "arc_costs": [
        [0.0, 27.730849247724095, 20.615528128088304, 29.068883707497267, 25.612496949731394, 15.132745950421556, 25.298221281347036, 26.90724809414742, 11.661903789690601, 23.323807579381203, 16.76305461424021, 19.6468827043885, 38.07886552931954, 30.805843601498726, 39.35733730830886, 36.05551275463989, 40.311288741492746, 33.301651610693426, 35.35533905932738, 39.05124837953327, 10.0, 11.661903789690601, 12.165525060596439, 30.528675044947494, 15.0, 24.08318915758459, 34.17601498127012, 17.11724276862369, 36.345563690772494, 20.0, 20.615528128088304, 33.54101966249684, 31.622776601683793, 33.52610922848042, 32.38826948140329, 38.07886552931954, 35.35533905932738, 39.293765408777, 41.23105625617661, 40.311288741492746, 32.2490309931942, 18.681541692269406, 19.313207915827967, 16.55294535724685, 31.04834939252005, 22.360679774997898, 25.709920264364882, 18.027756377319946, 10.770329614269007, 31.04834939252005, 22.80350850198276],
        [27.730849247724095, 0.0, 8.602325267042627, 11.661903789690601, 12.041594578792296, 14.142135623730951, 48.83646178829912, 7.810249675906654, 23.430749027719962, 24.515301344262525, 19.235384061671343, 18.027756377319946, 28.792360097775937, 30.0, 31.622776601683793, 32.38826948140329, 33.52610922848042, 34.0, 37.0, 37.33630940518894, 33.301651610693426, 29.068883707497267, 33.24154027718932, 39.05124837953327, 36.796738985948195, 31.32091952673165, 45.880278987817846, 37.013511046643494, 52.0, 40.607881008493905, 37.73592452822641, 58.0, 54.67174773134658, 56.22277118748239, 53.25410782277739, 61.71709649683789, 55.758407437802596, 61.032778078668514, 62.68173577685928, 60.03332407921454, 59.20304046246274, 46.238512086787566, 47.01063709417264, 44.28317965096906, 58.52349955359813, 50.08991914547278, 53.14132102234569, 45.65084884205331, 38.48376280978771, 55.14526271584895, 50.24937810560445],
        [20.615528128088304, 8.602325267042627, 0.0, 17.029386365926403, 15.524174696260024, 5.830951894845301, 40.311288741492746, 13.0, 14.866068747318506, 17.0, 10.770329614269007, 10.04987562112089, 25.0, 23.53720459187964, 27.459060435491963, 26.92582403567252, 29.154759474226502, 27.459060435491963, 30.4138126514911, 31.622776601683793, 25.0, 20.518284528683193, 24.758836806279895, 31.25699921617557, 28.284271247461902, 23.345235059857504, 37.8549864614954, 28.42534080710379, 43.657759905886145, 32.01562118716424, 29.154759474226502, 49.49747468305833, 46.09772228646444, 47.634021455258214, 44.654227123532216, 53.150729063673246, 47.16990566028302, 52.43090691567332, 54.08326913195984, 51.478150704935004, 52.773099207835045, 39.293765408777, 39.84971769034255, 37.0, 51.66236541235796, 42.720018726587654, 46.32493928760188, 38.07886552931954, 31.32091952673165, 50.08991914547278, 42.485291572496],
        [29.068883707497267, 11.661903789690601, 17.029386365926403, 0.0, 3.605551275463989, 20.396078054371138, 53.33854141237835, 4.123105625617661, 29.410882339705484, 34.0147027033899, 27.16615541441225, 27.0, 40.311288741492746, 40.44749683231337, 43.08131845707603, 43.41658669218482, 44.94441010848846, 44.40720662234904, 47.38143096192854, 48.27007354458868, 37.21558813185679, 34.539832078341085, 38.01315561749642, 48.093658625644196, 41.593268686170845, 40.11234224026316, 54.45181356024793, 42.5440947723653, 59.665735560705194, 46.09772228646444, 44.27188724235731, 62.12889826803627, 59.53990258641679, 61.29437168288782, 59.09314681077663, 66.37017402418047, 61.84658438426491, 66.64082832618455, 68.4470598345904, 66.48308055437865, 57.245087125446844, 45.803929962395145, 47.01063709417264, 44.68780594300866, 57.4543296888929, 50.44799302251776, 52.15361924162119, 46.69047011971501, 38.948684188300895, 50.96076922496363, 51.62363799656123],
        [25.612496949731394, 12.041594578792296, 15.524174696260024, 3.605551275463989, 0.0, 18.027756377319946, 50.11985634456667, 4.47213595499958, 26.68332812825267, 32.2490309931942, 25.0, 25.179356624028344, 39.824615503479755, 39.05124837953327, 42.485291572496, 42.37924020083418, 44.28317965096906, 42.95346318982906, 45.89117562233506, 47.12748667179272, 34.0, 31.622776601683793, 34.92849839314596, 46.0, 38.48376280978771, 38.0, 52.15361924162119, 39.56008088970496, 57.0701322935211, 43.08131845707603, 41.48493702538308, 58.83026432033091, 56.356011214421486, 58.137767414994535, 56.08029957123981, 63.13477647065839, 58.872744118140105, 63.56099432828282, 65.39113089708727, 63.56886030125127, 53.665631459994955, 42.20189569201838, 43.41658669218482, 41.10960958218893, 53.85164807134504, 46.861498055439924, 48.54894437575342, 43.139309220245984, 35.38361202590826, 47.53945729601885, 48.08326112068523],
        [15.132745950421556, 14.142135623730951, 5.830951894845301, 20.396078054371138, 18.027756377319946, 0.0, 34.713109915419565, 16.76305461424021, 9.433981132056603, 14.866068747318506, 7.0710678118654755, 8.06225774829855, 26.248809496813376, 22.360679774997898, 28.284271247461902, 26.627053911388696, 29.732137494637012, 26.0, 28.792360097775937, 30.886890422961002, 19.209372712298546, 15.0, 19.1049731745428, 28.0178514522438, 22.67156809750927, 20.024984394500787, 34.132096331752024, 23.021728866442675, 39.293765408777, 26.627053911388696, 24.166091947189145, 43.86342439892262, 40.607881008493905, 42.20189569201838, 39.44616584663204, 47.634021455258214, 42.05948168962618, 47.16990566028302, 48.877397639399746, 46.51881339845203, 47.38143096192854, 33.734255586866, 34.20526275297414, 31.32091952673165, 46.09772228646444, 37.0, 40.792156108742276, 32.31098884280702, 25.709920264364882, 45.39823785126467, 36.6742416417845],
        [25.298221281347036, 48.83646178829912, 40.311288741492746, 53.33854141237835, 50.11985634456667, 34.713109915419565, 0.0, 50.47771785649585, 25.45584412271571, 30.463092423455635, 30.610455730027933, 33.015148038438355, 43.93176527297759, 33.54101966249684, 43.41658669218482, 38.2099463490856, 43.18564576337837, 33.06055050963308, 33.015148038438355, 38.01315561749642, 16.1245154965971, 19.79898987322333, 15.620499351813308, 24.08318915758459, 12.041594578792296, 24.73863375370596, 21.540659228538015, 12.206555615733702, 17.69180601295413, 8.94427190999916, 13.601470508735444, 9.219544457292887, 6.324555320336759, 8.246211251235321, 8.54400374531753, 13.038404810405298, 11.40175425099138, 14.142135623730951, 16.1245154965971, 16.278820596099706, 31.240998703626616, 21.470910553583888, 19.72308292331602, 18.384776310850235, 27.202941017470888, 18.439088914585774, 24.758836806279895, 15.652475842498529, 20.09975124224178, 38.8329756778952, 14.142135623730951],
        [26.90724809414742, 7.810249675906654, 13.0, 4.123105625617661, 4.47213595499958, 16.76305461424021, 50.47771785649585, 0.0, 26.0, 30.0, 23.345235059857504, 23.021728866442675, 36.24913792078372, 36.345563690772494, 39.0, 39.293765408777, 40.85339643163099, 40.311288741492746, 43.289721643826724, 44.14748010928823, 34.40930106817051, 31.304951684997057, 34.9857113690718, 44.181444068749045, 38.58756276314948, 36.22154055254967, 50.635955604688654, 39.35733730830886, 56.04462507680822, 42.941821107167776, 40.85339643163099, 59.405386961116584, 56.60388679233962, 58.309518948453004, 55.90169943749474, 63.51377803280167, 58.60034129593445, 63.52952069707436, 65.29931086925804, 63.15853069855251, 56.462376853972415, 44.41846462902562, 45.48626166217664, 43.01162633521314, 56.356011214421486, 48.82622246293481, 51.0, 44.82186966202994, 37.20215047547655, 50.99019513592785, 49.678969393496885],
        [11.661903789690601, 23.430749027719962, 14.866068747318506, 29.410882339705484, 26.68332812825267, 9.433981132056603, 25.45584412271571, 26.0, 0.0, 11.661903789690601, 6.082762530298219, 9.055385138137417, 26.570660511172846, 19.209372712298546, 27.730849247724095, 24.413111231467404, 28.653097563788805, 21.93171219946131, 24.20743687382041, 27.586228448267445, 10.770329614269007, 5.656854249492381, 10.0, 20.8806130178211, 13.45362404707371, 13.416407864998739, 26.076809620810597, 13.601470508735444, 30.4138126514911, 17.204650534085253, 14.866068747318506, 34.655446902326915, 31.240998703626616, 32.802438933713454, 30.01666203960727, 38.28837943815329, 32.64965543462902, 37.73592452822641, 39.44616584663204, 37.16180835212409, 42.04759208325728, 28.0178514522438, 28.0178514522438, 25.019992006393608, 40.049968789001575, 30.265491900843113, 35.0, 25.317977802344327, 20.09975124224178, 42.37924020083418, 29.120439557122072],
        [23.323807579381203, 24.515301344262525, 17.0, 34.0147027033899, 32.2490309931942, 14.866068747318506, 30.463092423455635, 30.0, 11.661903789690601, 0.0, 8.06225774829855, 7.0710678118654755, 15.297058540778355, 7.810249675906654, 16.15549442140351, 12.806248474865697, 17.0, 11.180339887498949, 13.92838827718412, 16.401219466856727, 20.09975124224178, 14.142135623730951, 18.0, 14.560219778561036, 20.223748416156685, 7.211102550927978, 21.540659228538015, 18.681541692269406, 28.30194339616981, 21.540659228538015, 17.0, 39.35733730830886, 34.9857113690718, 36.05551275463989, 32.01562118716424, 41.88078318274385, 33.97057550292606, 39.698866482558415, 41.036569057366385, 37.53664875824692, 52.61178575186362, 38.63935817272331, 38.3275357934736, 35.35533905932738, 50.15974481593781, 40.049968789001575, 45.39823785126467, 35.05709628591621, 31.04834939252005, 53.85164807134504, 38.05259518088089],
        [16.76305461424021, 19.235384061671343, 10.770329614269007, 27.16615541441225, 25.0, 7.0710678118654755, 30.610455730027933, 23.345235059857504, 6.082762530298219, 8.06225774829855, 0.0, 3.0, 21.470910553583888, 15.811388300841896, 23.021728866442675, 20.518284528683193, 24.20743687382041, 19.235384061671343, 21.93171219946131, 24.413111231467404, 16.76305461424021, 11.180339887498949, 15.652475842498529, 21.0, 18.867962264113206, 13.0, 27.294688127912362, 18.439088914585774, 32.89376840679705, 21.93171219946131, 18.601075237738275, 39.824615503479755, 36.069377593742864, 37.48332962798263, 34.20526275297414, 43.139309220245984, 36.61966684720111, 42.01190307520001, 43.60045871318328, 40.8166632639171, 48.010415536631214, 34.0, 34.058772731852805, 31.064449134018133, 46.09772228646444, 36.345563690772494, 41.012193308819754, 31.400636936215164, 26.019223662515376, 47.80167361086848, 35.17101079013795],
        [19.6468827043885, 18.027756377319946, 10.04987562112089, 27.0, 25.179356624028344, 8.06225774829855, 33.015148038438355, 23.021728866442675, 9.055385138137417, 7.0710678118654755, 3.0, 0.0, 18.867962264113206, 14.317821063276353, 20.615528128088304, 18.601075237738275, 21.93171219946131, 18.027756377319946, 20.8806130178211, 22.825424421026653, 19.6468827043885, 13.92838827718412, 18.384776310850235, 21.213203435596427, 21.470910553583888, 13.341664064126334, 27.892651361962706, 20.808652046684813, 34.0147027033899, 24.20743687382041, 20.518284528683193, 42.20189569201838, 38.28837943815329, 39.6232255123179, 36.124783736376884, 45.34313619501854, 38.41874542459709, 43.93176527297759, 45.45327270945405, 42.43819034784589, 51.0098029794274, 37.0, 37.05401462729781, 34.058772731852805, 49.09175083453431, 39.319206502675, 44.01136216933077, 34.36568055487916, 29.017236257093817, 50.695167422546305, 38.07886552931954],
        [38.07886552931954, 28.792360097775937, 25.0, 40.311288741492746, 39.824615503479755, 26.248809496813376, 43.93176527297759, 36.24913792078372, 26.570660511172846, 15.297058540778355, 21.470910553583888, 18.867962264113206, 0.0, 10.44030650891055, 3.0, 7.0710678118654755, 5.0, 12.206555615733702, 14.142135623730951, 11.180339887498949, 35.35533905932738, 29.427877939124322, 33.13608305156178, 21.95449840010015, 35.0, 19.235384061671343, 28.600699292150182, 33.06055050963308, 36.61966684720111, 35.35533905932738, 30.4138126514911, 52.20153254455275, 47.43416490252569, 48.104053883222775, 43.46262762420146, 53.85164807134504, 44.721359549995796, 50.53711507397311, 51.478150704935004, 47.16990566028302, 67.89698078707183, 53.9351462406472, 53.600373133029585, 50.635955604688654, 65.37583651472461, 55.226805085936306, 60.67124524847005, 50.24937810560445, 46.32493928760188, 68.9492567037528, 53.009433122794285],
        [30.805843601498726, 30.0, 23.53720459187964, 40.44749683231337, 39.05124837953327, 22.360679774997898, 33.54101966249684, 36.345563690772494, 19.209372712298546, 7.810249675906654, 15.811388300841896, 14.317821063276353, 10.44030650891055, 0.0, 10.0, 5.385164807134504, 10.198039027185569, 4.0, 7.0, 8.602325267042627, 26.248809496813376, 20.615528128088304, 23.769728648009426, 12.041594578792296, 25.179356624028344, 9.0, 19.1049731745428, 23.021728866442675, 26.90724809414742, 25.079872407968907, 20.09975124224178, 41.7612260356422, 37.0, 37.69615364994153, 33.1058907144937, 43.46262762420146, 34.48187929913333, 40.311288741492746, 41.340053217188775, 37.20215047547655, 58.69412236331676, 44.9221548904324, 44.384682042344295, 41.48493702538308, 55.90169943749474, 45.70557952810576, 51.419840528729765, 40.792156108742276, 37.69615364994153, 60.83584469702052, 43.18564576337837],
        [39.35733730830886, 31.622776601683793, 27.459060435491963, 43.08131845707603, 42.485291572496, 28.284271247461902, 43.41658669218482, 39.0, 27.730849247724095, 16.15549442140351, 23.021728866442675, 20.615528128088304, 3.0, 10.0, 0.0, 5.385164807134504, 2.0, 10.770329614269007, 12.206555615733702, 8.602325267042627, 35.90264614203248, 30.083217912982647, 33.54101966249684, 20.615528128088304, 35.12833614050059, 19.0, 26.92582403567252, 33.015148038438355, 34.9857113690718, 35.05709628591621, 30.066592756745816, 51.419840528729765, 46.57252408878007, 47.12748667179272, 42.37924020083418, 52.81098370604357, 43.46262762420146, 49.24428900898052, 50.08991914547278, 45.65084884205331, 68.4470598345904, 54.57105459856901, 54.12947441089743, 51.19570294468082, 65.76473218982953, 55.57877292636101, 61.18823416311342, 50.635955604688654, 47.12748667179272, 70.00714249274856, 53.150729063673246],
        [36.05551275463989, 32.38826948140329, 26.92582403567252, 43.41658669218482, 42.37924020083418, 26.627053911388696, 38.2099463490856, 39.293765408777, 24.413111231467404, 12.806248474865697, 20.518284528683193, 18.601075237738275, 7.0710678118654755, 5.385164807134504, 5.385164807134504, 0.0, 5.0, 5.385164807134504, 7.0710678118654755, 5.0, 31.622776601683793, 26.0, 29.120439557122072, 15.231546211727817, 30.4138126514911, 14.142135623730951, 21.633307652783937, 28.160255680657446, 29.68164415931166, 30.0, 25.0, 46.09772228646444, 41.23105625617661, 41.7612260356422, 37.0, 47.43416490252569, 38.07886552931954, 43.86342439892262, 44.721359549995796, 40.311288741492746, 64.03124237432849, 50.28916384272063, 49.72926703662542, 46.84015371452148, 61.18823416311342, 50.99019513592785, 56.753854494650845, 46.09772228646444, 43.08131845707603, 66.2117814289874, 48.373546489791295],
        [40.311288741492746, 33.52610922848042, 29.154759474226502, 44.94441010848846, 44.28317965096906, 29.732137494637012, 43.18564576337837, 40.85339643163099, 28.653097563788805, 17.0, 24.20743687382041, 21.93171219946131, 5.0, 10.198039027185569, 2.0, 5.0, 0.0, 10.198039027185569, 11.180339887498949, 7.0710678118654755, 36.40054944640259, 30.675723300355934, 33.95585369269929, 19.924858845171276, 35.35533905932738, 19.1049731745428, 25.942243542145693, 33.13608305156178, 34.0, 35.0, 30.0, 50.99019513592785, 46.09772228646444, 46.57252408878007, 41.7612260356422, 52.20153254455275, 42.720018726587654, 48.46648326421054, 49.24428900898052, 44.721359549995796, 68.8839603971781, 55.08175741568164, 54.57105459856901, 51.66236541235796, 66.09841147864296, 55.90169943749474, 61.61168720299745, 50.99019513592785, 47.75981574503821, 70.77428911688199, 53.33854141237835],
        [33.301651610693426, 34.0, 27.459060435491963, 44.40720662234904, 42.95346318982906, 26.0, 33.06055050963308, 40.311288741492746, 21.93171219946131, 11.180339887498949, 19.235384061671343, 18.027756377319946, 12.206555615733702, 4.0, 10.770329614269007, 5.385164807134504, 10.198039027185569, 0.0, 3.0, 5.830951894845301, 27.730849247724095, 22.47220505424423, 25.079872407968907, 9.848857801796104, 25.96150997149434, 9.848857801796104, 16.401219466856727, 23.53720459187964, 24.413111231467404, 25.079872407968907, 20.09975124224178, 40.792156108742276, 35.90264614203248, 36.40054944640259, 31.622776601683793, 42.05948168962618, 32.69556544854363, 38.48376280978771, 39.35733730830886, 34.9857113690718, 59.77457653551382, 46.238512086787566, 45.5411901469428, 42.720018726587654, 56.753854494650845, 46.57252408878007, 52.49761899362675, 41.7612260356422, 39.35733730830886, 62.64982043070834, 43.73785545725808],
        [35.35533905932738, 37.0, 30.4138126514911, 47.38143096192854, 45.89117562233506, 28.792360097775937, 33.015148038438355, 43.289721643826724, 24.20743687382041, 13.92838827718412, 21.93171219946131, 20.8806130178211, 14.142135623730951, 7.0, 12.206555615733702, 7.0710678118654755, 11.180339887498949, 3.0, 0.0, 5.0, 29.154759474226502, 24.20743687382041, 26.419689627245813, 9.055385138137417, 26.92582403567252, 11.40175425099138, 14.7648230602334, 24.351591323771842, 22.825424421026653, 25.495097567963924, 20.615528128088304, 40.311288741492746, 35.35533905932738, 35.6931365951495, 30.805843601498726, 41.23105625617661, 31.622776601683793, 37.33630940518894, 38.07886552931954, 33.54101966249684, 60.74537019394976, 47.4236228055175, 46.61544808322666, 43.86342439892262, 57.56735185849702, 47.43416490252569, 53.48831648126533, 42.720018726587654, 40.8166632639171, 64.1404708432983, 44.384682042344295],
        [39.05124837953327, 37.33630940518894, 31.622776601683793, 48.27007354458868, 47.12748667179272, 30.886890422961002, 38.01315561749642, 44.14748010928823, 27.586228448267445, 16.401219466856727, 24.413111231467404, 22.825424421026653, 11.180339887498949, 8.602325267042627, 8.602325267042627, 5.0, 7.0710678118654755, 5.830951894845301, 5.0, 0.0, 33.54101966249684, 28.30194339616981, 30.870698080866262, 14.035668847618199, 31.622776601683793, 15.652475842498529, 19.313207915827967, 29.120439557122072, 27.313000567495326, 30.4138126514911, 25.495097567963924, 45.27692569068709, 40.311288741492746, 40.607881008493905, 35.6931365951495, 46.09772228646444, 36.40054944640259, 42.05948168962618, 42.720018726587654, 38.07886552931954, 65.45991139621256, 52.0, 51.264022471905186, 48.46648326421054, 62.36184731067546, 52.20153254455275, 58.18934610390462, 47.43416490252569, 45.17742799230607, 68.47627326307996, 49.24428900898052],
        [10.0, 33.301651610693426, 25.0, 37.21558813185679, 34.0, 19.209372712298546, 16.1245154965971, 34.40930106817051, 10.770329614269007, 20.09975124224178, 16.76305461424021, 19.6468827043885, 35.35533905932738, 26.248809496813376, 35.90264614203248, 31.622776601683793, 36.40054944640259, 27.730849247724095, 29.154759474226502, 33.54101966249684, 0.0, 6.0, 2.8284271247461903, 22.627416997969522, 5.0, 17.88854381999832, 25.059928172283335, 7.280109889280518, 26.476404589747453, 10.0, 11.180339887498949, 25.0, 22.360679774997898, 24.166091947189145, 22.561028345356956, 29.154759474226502, 25.495097567963924, 29.732137494637012, 31.622776601683793, 30.4138126514911, 32.55764119219941, 18.681541692269406, 18.24828759089466, 15.297058540778355, 30.066592756745816, 20.0, 25.317977802344327, 15.0, 11.661903789690601, 34.9857113690718, 18.439088914585774],
        [11.661903789690601, 29.068883707497267, 20.518284528683193, 34.539832078341085, 31.622776601683793, 15.0, 19.79898987322333, 31.304951684997057, 5.656854249492381, 14.142135623730951, 11.180339887498949, 13.92838827718412, 29.427877939124322, 20.615528128088304, 30.083217912982647, 26.0, 30.675723300355934, 22.47220505424423, 24.20743687382041, 28.30194339616981, 6.0, 0.0, 4.47213595499958, 18.867962264113206, 7.810249675906654, 12.806248474865697, 22.80350850198276, 8.06225774829855, 26.019223662515376, 11.661903789690601, 10.04987562112089, 29.0, 25.612496949731394, 27.202941017470888, 24.596747752497688, 32.64965543462902, 27.313000567495326, 32.2490309931942, 34.0, 31.953090617340916, 38.47076812334269, 24.515301344262525, 24.186773244895647, 21.213203435596427, 36.05551275463989, 26.0, 31.25699921617557, 21.0, 17.08800749063506, 40.24922359499622, 24.331050121192877],
        [12.165525060596439, 33.24154027718932, 24.758836806279895, 38.01315561749642, 34.92849839314596, 19.1049731745428, 15.620499351813308, 34.9857113690718, 10.0, 18.0, 15.652475842498529, 18.384776310850235, 33.13608305156178, 23.769728648009426, 33.54101966249684, 29.120439557122072, 33.95585369269929, 25.079872407968907, 26.419689627245813, 30.870698080866262, 2.8284271247461903, 4.47213595499958, 0.0, 19.79898987322333, 3.605551275463989, 15.231546211727817, 22.360679774997898, 5.0, 24.186773244895647, 8.246211251235321, 8.54400374531753, 24.758836806279895, 21.633307652783937, 23.323807579381203, 21.18962010041709, 28.600699292150182, 24.041630560342615, 28.635642126552707, 30.463092423455635, 28.861739379323623, 34.92849839314596, 21.18962010041709, 20.615528128088304, 17.72004514666935, 32.2490309931942, 22.090722034374522, 27.65863337187866, 17.11724276862369, 14.422205101855956, 37.73592452822641, 20.09975124224178],
        [30.528675044947494, 39.05124837953327, 31.25699921617557, 48.093658625644196, 46.0, 28.0178514522438, 24.08318915758459, 44.181444068749045, 20.8806130178211, 14.560219778561036, 21.0, 21.213203435596427, 21.95449840010015, 12.041594578792296, 20.615528128088304, 15.231546211727817, 19.924858845171276, 9.848857801796104, 9.055385138137417, 14.035668847618199, 22.627416997969522, 18.867962264113206, 19.79898987322333, 0.0, 19.4164878389476, 8.0, 7.211102550927978, 16.64331697709324, 14.866068747318506, 17.08800749063506, 12.529964086141668, 31.25699921617557, 26.30589287593181, 26.68332812825267, 21.840329667841555, 32.28002478313795, 22.847319317591726, 28.635642126552707, 29.5296461204668, 25.238858928247925, 52.80151512977634, 39.96248240537617, 38.948684188300895, 36.359317925395686, 49.39635614091387, 39.395431207184416, 45.617978911828175, 34.88552708502482, 34.058772731852805, 57.201398584300364, 36.05551275463989],
        [15.0, 36.796738985948195, 28.284271247461902, 41.593268686170845, 38.48376280978771, 22.67156809750927, 12.041594578792296, 38.58756276314948, 13.45362404707371, 20.223748416156685, 18.867962264113206, 21.470910553583888, 35.0, 25.179356624028344, 35.12833614050059, 30.4138126514911, 35.35533905932738, 25.96150997149434, 26.92582403567252, 31.622776601683793, 5.0, 7.810249675906654, 3.605551275463989, 19.4164878389476, 0.0, 16.278820596099706, 20.808652046684813, 2.8284271247461903, 21.587033144922902, 5.0, 7.0710678118654755, 21.213203435596427, 18.027756377319946, 19.72308292331602, 17.72004514666935, 25.0, 20.615528128088304, 25.079872407968907, 26.92582403567252, 25.495097567963924, 33.83784863137726, 20.591260281974, 19.697715603592208, 17.0, 30.805843601498726, 20.615528128088304, 26.570660511172846, 15.811388300841896, 14.866068747318506, 37.8021163428716, 18.027756377319946],
        [24.08318915758459, 31.32091952673165, 23.345235059857504, 40.11234224026316, 38.0, 20.024984394500787, 24.73863375370596, 36.22154055254967, 13.416407864998739, 7.211102550927978, 13.0, 13.341664064126334, 19.235384061671343, 9.0, 19.0, 14.142135623730951, 19.1049731745428, 9.848857801796104, 11.40175425099138, 15.652475842498529, 17.88854381999832, 12.806248474865697, 15.231546211727817, 8.0, 16.278820596099706, 0.0, 14.560219778561036, 14.035668847618199, 21.095023109728988, 16.1245154965971, 11.180339887498949, 33.24154027718932, 28.635642126552707, 29.5296461204668, 25.238858928247925, 35.35533905932738, 27.018512172212592, 32.802438933713454, 34.058772731852805, 30.4138126514911, 50.0, 36.40054944640259, 35.73513677041127, 32.89376840679705, 47.07440918375928, 36.87817782917155, 42.720018726587654, 32.01562118716424, 29.5296461204668, 52.839379254491625, 34.23448553724738],
        [34.17601498127012, 45.880278987817846, 37.8549864614954, 54.45181356024793, 52.15361924162119, 34.132096331752024, 21.540659228538015, 50.635955604688654, 26.076809620810597, 21.540659228538015, 27.294688127912362, 27.892651361962706, 28.600699292150182, 19.1049731745428, 26.92582403567252, 21.633307652783937, 25.942243542145693, 16.401219466856727, 14.7648230602334, 19.313207915827967, 25.059928172283335, 22.80350850198276, 22.360679774997898, 7.211102550927978, 20.808652046684813, 14.560219778561036, 0.0, 18.027756377319946, 8.06225774829855, 16.97056274847714, 13.892443989449804, 27.073972741361768, 22.090722034374522, 22.0, 17.0, 27.16615541441225, 17.26267650163207, 22.80350850198276, 23.40939982143925, 18.788294228055936, 52.15361924162119, 40.36087214122113, 39.05124837953327, 36.796738985948195, 48.373546489791295, 38.8329756778952, 45.221676218380054, 34.828149534535996, 35.608987629529715, 58.0, 34.9857113690718],
        [17.11724276862369, 37.013511046643494, 28.42534080710379, 42.5440947723653, 39.56008088970496, 23.021728866442675, 12.206555615733702, 39.35733730830886, 13.601470508735444, 18.681541692269406, 18.439088914585774, 20.808652046684813, 33.06055050963308, 23.021728866442675, 33.015148038438355, 28.160255680657446, 33.13608305156178, 23.53720459187964, 24.351591323771842, 29.120439557122072, 7.280109889280518, 8.06225774829855, 5.0, 16.64331697709324, 2.8284271247461903, 14.035668847618199, 18.027756377319946, 0.0, 19.235384061671343, 3.605551275463989, 4.242640687119285, 21.400934559032695, 17.69180601295413, 19.209372712298546, 16.55294535724685, 24.758836806279895, 19.313207915827967, 24.186773244895647, 25.942243542145693, 24.041630560342615, 36.40054944640259, 23.323807579381203, 22.360679774997898, 19.72308292331602, 33.24154027718932, 23.08679276123039, 29.154759474226502, 18.384776310850235, 17.69180601295413, 40.607881008493905, 20.223748416156685],
        [36.345563690772494, 52.0, 43.657759905886145, 59.665735560705194, 57.0701322935211, 39.293765408777, 17.69180601295413, 56.04462507680822, 30.4138126514911, 28.30194339616981, 32.89376840679705, 34.0147027033899, 36.61966684720111, 26.90724809414742, 34.9857113690718, 29.68164415931166, 34.0, 24.413111231467404, 22.825424421026653, 27.313000567495326, 26.476404589747453, 26.019223662515376, 24.186773244895647, 14.866068747318506, 21.587033144922902, 21.095023109728988, 8.06225774829855, 19.235384061671343, 0.0, 16.76305461424021, 16.0, 20.8806130178211, 16.15549442140351, 15.524174696260024, 10.770329614269007, 20.024984394500787, 10.04987562112089, 15.132745950421556, 15.524174696260024, 10.770329614269007, 48.91829923454004, 38.600518131237564, 37.013511046643494, 35.22782990761707, 44.82186966202994, 36.069377593742864, 42.42640687119285, 32.802438933713454, 35.34119409414458, 56.22277118748239, 31.827660925679098],
        [20.0, 40.607881008493905, 32.01562118716424, 46.09772228646444, 43.08131845707603, 26.627053911388696, 8.94427190999916, 42.941821107167776, 17.204650534085253, 21.540659228538015, 21.93171219946131, 24.20743687382041, 35.35533905932738, 25.079872407968907, 35.05709628591621, 30.0, 35.0, 25.079872407968907, 25.495097567963924, 30.4138126514911, 10.0, 11.661903789690601, 8.246211251235321, 17.08800749063506, 5.0, 16.1245154965971, 16.97056274847714, 3.605551275463989, 16.76305461424021, 0.0, 5.0, 18.027756377319946, 14.142135623730951, 15.620499351813308, 13.0, 21.213203435596427, 15.811388300841896, 20.591260281974, 22.360679774997898, 20.615528128088304, 35.77708763999664, 23.430749027719962, 22.20360331117452, 19.849433241279208, 32.31098884280702, 22.360679774997898, 28.653097563788805, 18.027756377319946, 18.867962264113206, 41.036569057366385, 18.973665961010276],
        [20.615528128088304, 37.73592452822641, 29.154759474226502, 44.27188724235731, 41.48493702538308, 24.166091947189145, 13.601470508735444, 40.85339643163099, 14.866068747318506, 17.0, 18.601075237738275, 20.518284528683193, 30.4138126514911, 20.09975124224178, 30.066592756745816, 25.0, 30.0, 20.09975124224178, 20.615528128088304, 25.495097567963924, 11.180339887498949, 10.04987562112089, 8.54400374531753, 12.529964086141668, 7.0710678118654755, 11.180339887498949, 13.892443989449804, 4.242640687119285, 16.0, 5.0, 0.0, 22.360679774997898, 18.027756377319946, 19.209372712298546, 15.620499351813308, 25.0, 18.027756377319946, 23.430749027719962, 25.0, 22.360679774997898, 40.311288741492746, 27.459060435491963, 26.419689627245813, 23.853720883753127, 37.0, 26.92582403567252, 33.1058907144937, 22.360679774997898, 21.93171219946131, 44.82186966202994, 23.769728648009426],
        [33.54101966249684, 58.0, 49.49747468305833, 62.12889826803627, 58.83026432033091, 43.86342439892262, 9.219544457292887, 59.405386961116584, 34.655446902326915, 39.35733730830886, 39.824615503479755, 42.20189569201838, 52.20153254455275, 41.7612260356422, 51.419840528729765, 46.09772228646444, 50.99019513592785, 40.792156108742276, 40.311288741492746, 45.27692569068709, 25.0, 29.0, 24.758836806279895, 31.25699921617557, 21.213203435596427, 33.24154027718932, 27.073972741361768, 21.400934559032695, 20.8806130178211, 18.027756377319946, 22.360679774997898, 0.0, 5.0, 5.385164807134504, 10.198039027185569, 5.0, 11.180339887498949, 9.433981132056603, 11.180339887498949, 14.142135623730951, 31.064449134018133, 25.179356624028344, 23.194827009486403, 23.0, 26.627053911388696, 20.615528128088304, 26.0, 20.0, 26.476404589747453, 40.85339643163099, 16.278820596099706],
        [31.622776601683793, 54.67174773134658, 46.09772228646444, 59.53990258641679, 56.356011214421486, 40.607881008493905, 6.324555320336759, 56.60388679233962, 31.240998703626616, 34.9857113690718, 36.069377593742864, 38.28837943815329, 47.43416490252569, 37.0, 46.57252408878007, 41.23105625617661, 46.09772228646444, 35.90264614203248, 35.35533905932738, 40.311288741492746, 22.360679774997898, 25.612496949731394, 21.633307652783937, 26.30589287593181, 18.027756377319946, 28.635642126552707, 22.090722034374522, 17.69180601295413, 16.15549442140351, 14.142135623730951, 18.027756377319946, 5.0, 0.0, 2.0, 5.385164807134504, 7.0710678118654755, 7.0710678118654755, 8.0, 10.0, 11.180339887498949, 34.058772731852805, 26.248809496813376, 24.351591323771842, 23.53720459187964, 29.732137494637012, 22.360679774997898, 28.30194339616981, 20.615528128088304, 26.0, 42.941821107167776, 17.88854381999832],
        [33.52610922848042, 56.22277118748239, 47.634021455258214, 61.29437168288782, 58.137767414994535, 42.20189569201838, 8.246211251235321, 58.309518948453004, 32.802438933713454, 36.05551275463989, 37.48332962798263, 39.6232255123179, 48.104053883222775, 37.69615364994153, 47.12748667179272, 41.7612260356422, 46.57252408878007, 36.40054944640259, 35.6931365951495, 40.607881008493905, 24.166091947189145, 27.202941017470888, 23.323807579381203, 26.68332812825267, 19.72308292331602, 29.5296461204668, 22.0, 19.209372712298546, 15.524174696260024, 15.620499351813308, 19.209372712298546, 5.385164807134504, 2.0, 0.0, 5.0, 5.830951894845301, 5.830951894845301, 6.0, 8.0, 9.433981132056603, 35.608987629529715, 28.160255680657446, 26.248809496813376, 25.495097567963924, 31.240998703626616, 24.166091947189145, 30.01666203960727, 22.561028345356956, 28.0, 44.721359549995796, 19.697715603592208],
        [32.38826948140329, 53.25410782277739, 44.654227123532216, 59.09314681077663, 56.08029957123981, 39.44616584663204, 8.54400374531753, 55.90169943749474, 30.01666203960727, 32.01562118716424, 34.20526275297414, 36.124783736376884, 43.46262762420146, 33.1058907144937, 42.37924020083418, 37.0, 41.7612260356422, 31.622776601683793, 30.805843601498726, 35.6931365951495, 22.561028345356956, 24.596747752497688, 21.18962010041709, 21.840329667841555, 17.72004514666935, 25.238858928247925, 17.0, 16.55294535724685, 10.770329614269007, 13.0, 15.620499351813308, 10.198039027185569, 5.385164807134504, 5.0, 0.0, 10.44030650891055, 3.0, 7.810249675906654, 9.433981132056603, 8.0, 38.897300677553446, 29.966648127543394, 28.178005607210743, 26.92582403567252, 34.655446902326915, 26.627053911388696, 32.802438933713454, 24.166091947189145, 28.442925306655784, 47.16990566028302, 22.20360331117452],
        [38.07886552931954, 61.71709649683789, 53.150729063673246, 66.37017402418047, 63.13477647065839, 47.634021455258214, 13.038404810405298, 63.51377803280167, 38.28837943815329, 41.88078318274385, 43.139309220245984, 45.34313619501854, 53.85164807134504, 43.46262762420146, 52.81098370604357, 47.43416490252569, 52.20153254455275, 42.05948168962618, 41.23105625617661, 46.09772228646444, 29.154759474226502, 32.64965543462902, 28.600699292150182, 32.28002478313795, 25.0, 35.35533905932738, 27.16615541441225, 24.758836806279895, 20.024984394500787, 21.213203435596427, 25.0, 5.0, 7.0710678118654755, 5.830951894845301, 10.44030650891055, 0.0, 10.0, 5.830951894845301, 7.0710678118654755, 11.180339887498949, 35.35533905932738, 30.14962686336267, 28.160255680657446, 28.0, 30.886890422961002, 25.495097567963924, 30.675723300355934, 25.0, 31.400636936215164, 45.5411901469428, 21.213203435596427],
        [35.35533905932738, 55.758407437802596, 47.16990566028302, 61.84658438426491, 58.872744118140105, 42.05948168962618, 11.40175425099138, 58.60034129593445, 32.64965543462902, 33.97057550292606, 36.61966684720111, 38.41874542459709, 44.721359549995796, 34.48187929913333, 43.46262762420146, 38.07886552931954, 42.720018726587654, 32.69556544854363, 31.622776601683793, 36.40054944640259, 25.495097567963924, 27.313000567495326, 24.041630560342615, 22.847319317591726, 20.615528128088304, 27.018512172212592, 17.26267650163207, 19.313207915827967, 10.04987562112089, 15.811388300841896, 18.027756377319946, 11.180339887498949, 7.0710678118654755, 5.830951894845301, 3.0, 10.0, 0.0, 5.830951894845301, 7.0710678118654755, 5.0, 41.10960958218893, 32.69556544854363, 30.870698080866262, 29.732137494637012, 36.796738985948195, 29.154759474226502, 35.22782990761707, 26.92582403567252, 31.400636936215164, 49.73932046178355, 24.698178070456937],
        [39.293765408777, 61.032778078668514, 52.43090691567332, 66.64082832618455, 63.56099432828282, 47.16990566028302, 14.142135623730951, 63.52952069707436, 37.73592452822641, 39.698866482558415, 42.01190307520001, 43.93176527297759, 50.53711507397311, 40.311288741492746, 49.24428900898052, 43.86342439892262, 48.46648326421054, 38.48376280978771, 37.33630940518894, 42.05948168962618, 29.732137494637012, 32.2490309931942, 28.635642126552707, 28.635642126552707, 25.079872407968907, 32.802438933713454, 22.80350850198276, 24.186773244895647, 15.132745950421556, 20.591260281974, 23.430749027719962, 9.433981132056603, 8.0, 6.0, 7.810249675906654, 5.830951894845301, 5.830951894845301, 0.0, 2.0, 5.385164807134504, 40.496913462633174, 33.95585369269929, 32.01562118716424, 31.400636936215164, 36.05551275463989, 29.732137494637012, 35.34119409414458, 28.442925306655784, 34.0, 50.15974481593781, 25.298221281347036],
        [41.23105625617661, 62.68173577685928, 54.08326913195984, 68.4470598345904, 65.39113089708727, 48.877397639399746, 16.1245154965971, 65.29931086925804, 39.44616584663204, 41.036569057366385, 43.60045871318328, 45.45327270945405, 51.478150704935004, 41.340053217188775, 50.08991914547278, 44.721359549995796, 49.24428900898052, 39.35733730830886, 38.07886552931954, 42.720018726587654, 31.622776601683793, 34.0, 30.463092423455635, 29.5296461204668, 26.92582403567252, 34.058772731852805, 23.40939982143925, 25.942243542145693, 15.524174696260024, 22.360679774997898, 25.0, 11.180339887498949, 10.0, 8.0, 9.433981132056603, 7.0710678118654755, 7.0710678118654755, 2.0, 0.0, 5.0, 42.190046219457976, 35.90264614203248, 33.95585369269929, 33.37663853655727, 37.73592452822641, 31.622776601683793, 37.16180835212409, 30.4138126514911, 36.0, 52.0, 27.202941017470888],
        [40.311288741492746, 60.03332407921454, 51.478150704935004, 66.48308055437865, 63.56886030125127, 46.51881339845203, 16.278820596099706, 63.15853069855251, 37.16180835212409, 37.53664875824692, 40.8166632639171, 42.43819034784589, 47.16990566028302, 37.20215047547655, 45.65084884205331, 40.311288741492746, 44.721359549995796, 34.9857113690718, 33.54101966249684, 38.07886552931954, 30.4138126514911, 31.953090617340916, 28.861739379323623, 25.238858928247925, 25.495097567963924, 30.4138126514911, 18.788294228055936, 24.041630560342615, 10.770329614269007, 20.615528128088304, 22.360679774997898, 14.142135623730951, 11.180339887498949, 9.433981132056603, 8.0, 11.180339887498949, 5.0, 5.385164807134504, 5.0, 0.0, 45.0, 37.33630940518894, 35.4682957019364, 34.48187929913333, 40.607881008493905, 33.54101966249684, 39.44616584663204, 31.622776601683793, 36.345563690772494, 54.120236510939236, 29.068883707497267],
