{
    "instance_name": "RC203",
    "instance_origin": "Solomon1987",
    "benchmark_name": "Sintef2008",
    "num_customers": 50,
    "num_vehicles": 25,
    "vehicle_capacity": 1000,
    "coordinates": [
        [40, 50],
        [25, 85],
        [22, 75],
        [22, 85],
        [20, 80],
        [20, 85],
        [18, 75],
        [15, 75],
        [15, 80],
        [10, 35],
        [10, 40],
        [8, 40],
        [8, 45],
        [5, 35],
        [5, 45],
        [2, 40],
        [0, 40],
        [0, 45],
        [44, 5],
        [42, 10],
        [42, 15],
        [40, 5],
        [40, 15],
        [38, 5],
        [38, 15],
        [35, 5],
        [95, 30],
        [95, 35],
        [92, 30],
        [90, 35],
        [88, 30],
        [88, 35],
        [87, 30],
        [85, 25],
        [85, 35],
        [67, 85],
        [65, 85],
        [65, 82],
        [62, 80],
        [60, 80],
        [60, 85],
        [58, 75],
        [55, 80],
        [55, 85],
        [55, 82],
        [20, 82],
        [18, 80],
        [2, 45],
        [42, 5],
        [42, 12],
        [72, 35]
    ],
    "demands": [0, 20, 30, 10, 40, 20, 20, 20, 10, 20, 30, 40, 20, 10, 10, 20, 20, 20, 20, 40, 10, 10, 40, 30, 10, 20, 30, 20, 10, 10, 10, 20, 10, 10, 30, 20, 40, 10, 30, 10, 30, 20, 10, 20, 10, 10, 10, 10, 10, 10, 30],
    "service_times": [0, 10, 10, 10, 10, 10, 10, 10, 10, 10, 10, 10, 10, 10, 10, 10, 10, 10, 10, 10, 10, 10, 10, 10, 10, 10, 10, 10, 10, 10, 10, 10, 10, 10, 10, 10, 10, 10, 10, 10, 10, 10, 10, 10, 10, 10, 10, 10, 10, 10, 10],
    "time_windows": [
        [0, 960],
        [0, 911],
        [0, 919],
        [0, 910],
        [644, 764],
        [0, 909],
        [388, 508],
        [0, 914],
        [367, 487],
        [371, 491],
        [519, 639],
        [195, 315],
        [0, 917],
        [653, 773],
        [0, 914],
        [174, 294],
        [0, 908],
        [703, 823],
        [0, 904],
        [0, 909],
        [0, 914],
        [0, 905],
        [375, 495],
        [201, 321],
        [0, 914],
        [784, 904],
        [0, 891],
        [146, 266],
        [0, 894],
        [0, 897],
        [246, 366],
        [0, 899],
        [0, 898],
        [80, 200],
        [0, 902],
        [657, 777],
        [43, 163],
        [0, 909],
        [278, 398],
        [64, 184],
        [329, 449],
        [376, 496],
        [33, 153],
        [0, 911],
        [217, 337],
        [37, 157],
        [0, 912],
        [0, 911],
        [0, 904],
        [440, 560],
        [0, 914]
    ],
    "depot": 0,
    "arc_costs": [
        [0.0, 38.07886552931954, 30.805843601498726, 39.35733730830886, 36.05551275463989, 40.311288741492746, 33.301651610693426, 35.35533905932738, 39.05124837953327, 33.54101966249684, 31.622776601683793, 33.52610922848042, 32.38826948140329, 38.07886552931954, 35.35533905932738, 39.293765408777, 41.23105625617661, 40.311288741492746, 45.17742799230607, 40.049968789001575, 35.05709628591621, 45.0, 35.0, 45.044422518220834, 35.05709628591621, 45.27692569068709, 58.52349955359813, 57.0087712549569, 55.71355310873648, 52.20153254455275, 52.0, 50.28916384272063, 51.07837115648854, 51.478150704935004, 47.43416490252569, 44.204072210600685, 43.01162633521314, 40.607881008493905, 37.20215047547655, 36.05551275463989, 40.311288741492746, 30.805843601498726, 33.54101966249684, 38.07886552931954, 35.34119409414458, 37.73592452822641, 37.20215047547655, 38.3275357934736, 45.044422518220834, 38.05259518088089, 35.34119409414458],
        [38.07886552931954, 0.0, 10.44030650891055, 3.0, 7.0710678118654755, 5.0, 12.206555615733702, 14.142135623730951, 11.180339887498949, 52.20153254455275, 47.43416490252569, 48.104053883222775, 43.46262762420146, 53.85164807134504, 44.721359549995796, 50.53711507397311, 51.478150704935004, 47.16990566028302, 82.22530024268686, 76.90253571892151, 72.03471385380801, 81.39410298049853, 71.58910531638176, 81.04936767180853, 71.19691004531025, 80.62257748298549, 89.02246907382428, 86.02325267042627, 86.68333173107735, 82.00609733428362, 83.6301381082203, 80.43009387039157, 82.87943049997388, 84.8528137423857, 78.10249675906654, 42.0, 40.0, 40.11234224026316, 37.33630940518894, 35.35533905932738, 35.0, 34.48187929913333, 30.4138126514911, 30.0, 30.14962686336267, 5.830951894845301, 8.602325267042627, 46.14108798023731, 81.78630692236935, 74.95331880577403, 68.62215385719105],
        [30.805843601498726, 10.44030650891055, 0.0, 10.0, 5.385164807134504, 10.198039027185569, 4.0, 7.0, 8.602325267042627, 41.7612260356422, 37.0, 37.69615364994153, 33.1058907144937, 43.46262762420146, 34.48187929913333, 40.311288741492746, 41.340053217188775, 37.20215047547655, 73.37574531137656, 68.00735254367721, 63.245553203367585, 72.27724399837061, 62.6418390534633, 71.80529228406496, 62.0966987850401, 71.19691004531025, 85.75546629807339, 83.24061508662703, 83.21658488546619, 78.89233169326408, 79.88116173416608, 77.17512552629896, 79.05694150420949, 80.43009387039157, 74.62573282722254, 46.09772228646444, 44.14748010928823, 43.56604182158393, 40.311288741492746, 38.3275357934736, 39.293765408777, 36.0, 33.37663853655727, 34.48187929913333, 33.734255586866, 7.280109889280518, 6.4031242374328485, 36.05551275463989, 72.80109889280519, 66.09841147864296, 64.03124237432849],
        [39.35733730830886, 3.0, 10.0, 0.0, 5.385164807134504, 2.0, 10.770329614269007, 12.206555615733702, 8.602325267042627, 51.419840528729765, 46.57252408878007, 47.12748667179272, 42.37924020083418, 52.81098370604357, 43.46262762420146, 49.24428900898052, 50.08991914547278, 45.65084884205331, 82.96987405076617, 77.62087348130012, 72.80109889280519, 82.0, 72.27724399837061, 81.58431221748455, 71.80529228406496, 81.04936767180853, 91.40021881811882, 88.48163651289458, 89.02246907382428, 84.40379138403677, 85.9127464349732, 82.80096617793781, 85.14693182963201, 87.0, 80.43009387039157, 45.0, 43.0, 43.104524124504614, 40.311288741492746, 38.3275357934736, 38.0, 37.36308338453881, 33.37663853655727, 33.0, 33.13608305156178, 3.605551275463989, 6.4031242374328485, 44.721359549995796, 82.46211251235322, 75.69015788066504, 70.71067811865476],
        [36.05551275463989, 7.0710678118654755, 5.385164807134504, 5.385164807134504, 0.0, 5.0, 5.385164807134504, 7.0710678118654755, 5.0, 46.09772228646444, 41.23105625617661, 41.7612260356422, 37.0, 47.43416490252569, 38.07886552931954, 43.86342439892262, 44.721359549995796, 40.311288741492746, 78.74642849044012, 73.37574531137656, 68.62215385719105, 77.62087348130012, 68.00735254367721, 77.12976079309465, 67.446274915669, 76.48529270389177, 90.13878188659973, 87.46427842267951, 87.65842800324451, 83.21658488546619, 84.40379138403677, 81.54140052758476, 83.60023923410746, 85.14693182963201, 79.05694150420949, 47.265209192385896, 45.27692569068709, 45.044422518220834, 42.0, 40.0, 40.311288741492746, 38.3275357934736, 35.0, 35.35533905932738, 35.05709628591621, 2.0, 2.0, 39.35733730830886, 78.16009211867653, 71.47027354082255, 68.76772498781678],
        [40.311288741492746, 5.0, 10.198039027185569, 2.0, 5.0, 0.0, 10.198039027185569, 11.180339887498949, 7.0710678118654755, 50.99019513592785, 46.09772228646444, 46.57252408878007, 41.7612260356422, 52.20153254455275, 42.720018726587654, 48.46648326421054, 49.24428900898052, 44.721359549995796, 83.5224520712844, 78.16009211867653, 73.37574531137656, 82.46211251235322, 72.80109889280519, 82.0, 72.27724399837061, 81.39410298049853, 93.00537618869137, 90.13878188659973, 90.60353193998566, 86.02325267042627, 87.45856161634491, 84.40379138403677, 86.68333173107735, 88.45903006477066, 82.00609733428362, 47.0, 45.0, 45.09988913511872, 42.2965719651132, 40.311288741492746, 40.0, 39.293765408777, 35.35533905932738, 35.0, 35.12833614050059, 3.0, 5.385164807134504, 43.86342439892262, 82.96987405076617, 76.24303246854758, 72.13875518748573],
        [33.301651610693426, 12.206555615733702, 4.0, 10.770329614269007, 5.385164807134504, 10.198039027185569, 0.0, 3.0, 5.830951894845301, 40.792156108742276, 35.90264614203248, 36.40054944640259, 31.622776601683793, 42.05948168962618, 32.69556544854363, 38.48376280978771, 39.35733730830886, 34.9857113690718, 74.67261881037788, 69.28924880528002, 64.62197768561404, 73.37574531137656, 63.90618123468183, 72.80109889280519, 63.245553203367585, 72.03471385380801, 89.1852005660132, 86.76981041814025, 86.6083136886985, 82.365041127896, 83.21658488546619, 80.62257748298549, 82.37718130647589, 83.60023923410746, 78.03204469959762, 50.00999900019995, 48.05205510693585, 47.51841748206689, 44.28317965096906, 42.2965719651132, 43.174066289845804, 40.0, 37.33630940518894, 38.3275357934736, 37.656340767525464, 7.280109889280518, 5.0, 34.0, 74.0, 67.4166151627327, 67.20119046564577],
        [35.35533905932738, 14.142135623730951, 7.0, 12.206555615733702, 7.0710678118654755, 11.180339887498949, 3.0, 0.0, 5.0, 40.311288741492746, 35.35533905932738, 35.6931365951495, 30.805843601498726, 41.23105625617661, 31.622776601683793, 37.33630940518894, 38.07886552931954, 33.54101966249684, 75.76938695805846, 70.3846574190711, 65.79513659838392, 74.33034373659252, 65.0, 73.68174807915459, 64.25729530566937, 72.80109889280519, 91.7877987534291, 89.44271909999159, 89.1852005660132, 85.0, 85.75546629807339, 83.24061508662703, 84.90583018850944, 86.02325267042627, 80.62257748298549, 52.952809179494906, 50.99019513592785, 50.48762224545735, 47.265209192385896, 45.27692569068709, 46.09772228646444, 43.0, 40.311288741492746, 41.23105625617661, 40.607881008493905, 8.602325267042627, 5.830951894845301, 32.69556544854363, 75.02666192761077, 68.54195795277518, 69.63476143421474],
        [39.05124837953327, 11.180339887498949, 8.602325267042627, 8.602325267042627, 5.0, 7.0710678118654755, 5.830951894845301, 5.0, 0.0, 45.27692569068709, 40.311288741492746, 40.607881008493905, 35.6931365951495, 46.09772228646444, 36.40054944640259, 42.05948168962618, 42.720018726587654, 38.07886552931954, 80.4114419718985, 75.02666192761077, 70.3846574190711, 79.05694150420949, 69.6419413859206, 78.44743462982075, 68.9492567037528, 77.62087348130012, 94.33981132056604, 91.7877987534291, 91.80958555619343, 87.46427842267951, 88.48163651289458, 85.75546629807339, 87.65842800324451, 89.02246907382428, 83.21658488546619, 52.23983154643591, 50.24937810560445, 50.039984012787215, 47.0, 45.0, 45.27692569068709, 43.289721643826724, 40.0, 40.311288741492746, 40.049968789001575, 5.385164807134504, 3.0, 37.33630940518894, 79.71198153351854, 73.16419889536138, 72.62231062146122],
        [33.54101966249684, 52.20153254455275, 41.7612260356422, 51.419840528729765, 46.09772228646444, 50.99019513592785, 40.792156108742276, 40.311288741492746, 45.27692569068709, 0.0, 5.0, 5.385164807134504, 10.198039027185569, 5.0, 11.180339887498949, 9.433981132056603, 11.180339887498949, 14.142135623730951, 45.34313619501854, 40.607881008493905, 37.73592452822641, 42.42640687119285, 36.05551275463989, 41.036569057366385, 34.40930106817051, 39.05124837953327, 85.14693182963201, 85.0, 82.15229759416349, 80.0, 78.16009211867653, 78.0, 77.1621668954417, 75.66372975210778, 75.0, 75.82216034906945, 74.33034373659252, 72.34638899074369, 68.76772498781678, 67.26812023536856, 70.71067811865476, 62.48199740725323, 63.63961030678928, 67.26812023536856, 65.06919393998976, 48.05205510693585, 45.70557952810576, 12.806248474865697, 43.86342439892262, 39.408120990476064, 62.0],
        [31.622776601683793, 47.43416490252569, 37.0, 46.57252408878007, 41.23105625617661, 46.09772228646444, 35.90264614203248, 35.35533905932738, 40.311288741492746, 5.0, 0.0, 2.0, 5.385164807134504, 7.0710678118654755, 7.0710678118654755, 8.0, 10.0, 11.180339887498949, 48.79549159502341, 43.86342439892262, 40.607881008493905, 46.09772228646444, 39.05124837953327, 44.82186966202994, 37.53664875824692, 43.01162633521314, 85.58621384311844, 85.14693182963201, 82.60750571225353, 80.15609770940699, 78.63841300535, 78.16009211867653, 77.64663547121665, 76.48529270389177, 75.16648189186454, 72.62231062146122, 71.06335201775947, 69.20260110718382, 65.60487786742691, 64.03124237432849, 67.26812023536856, 59.405386961116584, 60.207972893961475, 63.63961030678928, 61.554853586049575, 43.174066289845804, 40.792156108742276, 9.433981132056603, 47.4236228055175, 42.5205832509386, 62.20128616033595],
        [33.52610922848042, 48.104053883222775, 37.69615364994153, 47.12748667179272, 41.7612260356422, 46.57252408878007, 36.40054944640259, 35.6931365951495, 40.607881008493905, 5.385164807134504, 2.0, 0.0, 5.0, 5.830951894845301, 5.830951894845301, 6.0, 8.0, 9.433981132056603, 50.20956084253277, 45.34313619501854, 42.20189569201838, 47.4236228055175, 40.607881008493905, 46.09772228646444, 39.05124837953327, 44.204072210600685, 87.5728268357257, 87.14355971613737, 84.5931439302264, 82.15229759416349, 80.62257748298549, 80.15609770940699, 79.63039620647382, 78.44743462982075, 77.1621668954417, 74.2024258363566, 72.62231062146122, 70.80254232723568, 67.20119046564577, 65.60487786742691, 68.76772498781678, 61.032778078668514, 61.71709649683789, 65.06919393998976, 63.0317380372777, 43.68065933568311, 41.23105625617661, 7.810249675906654, 48.79549159502341, 44.04543109109048, 64.19501538281614],
        [32.38826948140329, 43.46262762420146, 33.1058907144937, 42.37924020083418, 37.0, 41.7612260356422, 31.622776601683793, 30.805843601498726, 35.6931365951495, 10.198039027185569, 5.385164807134504, 5.0, 0.0, 10.44030650891055, 3.0, 7.810249675906654, 9.433981132056603, 8.0, 53.81449618829484, 48.79549159502341, 45.34313619501854, 51.22499389946279, 43.86342439892262, 50.0, 42.42640687119285, 48.25971404805462, 88.28363381737297, 87.5728268357257, 85.32877591996736, 82.60750571225353, 81.39410298049853, 80.62257748298549, 80.4114419718985, 79.55501241279521, 77.64663547121665, 71.28113354878694, 69.63476143421474, 67.95586803212802, 64.35060217278468, 62.68173577685928, 65.60487786742691, 58.309518948453004, 58.60034129593445, 61.71709649683789, 59.81638571495272, 38.897300677553446, 36.40054944640259, 6.0, 52.49761899362675, 47.38143096192854, 64.77653896280658],
        [38.07886552931954, 53.85164807134504, 43.46262762420146, 52.81098370604357, 47.43416490252569, 52.20153254455275, 42.05948168962618, 41.23105625617661, 46.09772228646444, 5.0, 7.0710678118654755, 5.830951894845301, 10.44030650891055, 0.0, 10.0, 5.830951894845301, 7.0710678118654755, 11.180339887498949, 49.20365840057018, 44.654227123532216, 42.05948168962618, 46.09772228646444, 40.311288741492746, 44.598206241955516, 38.58756276314948, 42.42640687119285, 90.13878188659973, 90.0, 87.14355971613737, 85.0, 83.15046602394962, 83.0, 82.15229759416349, 80.62257748298549, 80.0, 79.64923100695951, 78.10249675906654, 76.21679604916491, 72.62231062146122, 71.06335201775947, 74.33034373659252, 66.40030120413611, 67.26812023536856, 70.71067811865476, 68.62215385719105, 49.33558553417604, 46.84015371452148, 10.44030650891055, 47.634021455258214, 43.56604182158393, 67.0],
        [35.35533905932738, 44.721359549995796, 34.48187929913333, 43.46262762420146, 38.07886552931954, 42.720018726587654, 32.69556544854363, 31.622776601683793, 36.40054944640259, 11.180339887498949, 7.0710678118654755, 5.830951894845301, 3.0, 10.0, 0.0, 5.830951894845301, 7.0710678118654755, 5.0, 55.86591089385369, 50.93132631298737, 47.634021455258214, 53.150729063673246, 46.09772228646444, 51.85556864985669, 44.598206241955516, 50.0, 91.2414379544733, 90.55385138137417, 88.28363381737297, 85.58621384311844, 84.34453153583817, 83.60023923410746, 83.3606621854697, 82.46211251235322, 80.62257748298549, 73.78346698278686, 72.11102550927978, 70.49113419430843, 66.88796603276258, 65.19202405202648, 68.00735254367721, 60.90155991434045, 61.032778078668514, 64.03124237432849, 62.20128616033595, 39.92492955535426, 37.33630940518894, 3.0, 54.48853090330111, 49.57822102496216, 67.7421582177598],
        [39.293765408777, 50.53711507397311, 40.311288741492746, 49.24428900898052, 43.86342439892262, 48.46648326421054, 38.48376280978771, 37.33630940518894, 42.05948168962618, 9.433981132056603, 8.0, 6.0, 7.810249675906654, 5.830951894845301, 5.830951894845301, 0.0, 2.0, 5.385164807134504, 54.67174773134658, 50.0, 47.16990566028302, 51.66236541235796, 45.48626166217664, 50.20956084253277, 43.829214001622255, 48.104053883222775, 93.53608929178085, 93.13431161500041, 90.55385138137417, 88.14193099768123, 86.57944328765345, 86.14522621712709, 85.58621384311844, 84.34453153583817, 83.15046602394962, 79.05694150420949, 77.42092740338364, 75.71657678474378, 72.11102550927978, 70.45565981523414, 73.40980860893181, 66.03786792439622, 66.40030120413611, 69.52697318307479, 67.62396025078685, 45.69463863518345, 43.08131845707603, 5.0, 53.150729063673246, 48.82622246293481, 70.178344238091],
        [41.23105625617661, 51.478150704935004, 41.340053217188775, 50.08991914547278, 44.721359549995796, 49.24428900898052, 39.35733730830886, 38.07886552931954, 42.720018726587654, 11.180339887498949, 10.0, 8.0, 9.433981132056603, 7.0710678118654755, 7.0710678118654755, 2.0, 0.0, 5.0, 56.22277118748239, 51.61395160225576, 48.877397639399746, 53.150729063673246, 47.16990566028302, 51.66236541235796, 45.48626166217664, 49.49747468305833, 95.524865872714, 95.13148795220224, 92.5418824100742, 90.13878188659973, 88.56635930193812, 88.14193099768123, 87.5728268357257, 86.31338250816034, 85.14693182963201, 80.7093550959243, 79.05694150420949, 77.38862965578342, 73.78346698278686, 72.11102550927978, 75.0, 67.7421582177598, 68.00735254367721, 71.06335201775947, 69.20260110718382, 46.51881339845203, 43.86342439892262, 5.385164807134504, 54.67174773134658, 50.47771785649585, 72.17340230306452],
        [40.311288741492746, 47.16990566028302, 37.20215047547655, 45.65084884205331, 40.311288741492746, 44.721359549995796, 34.9857113690718, 33.54101966249684, 38.07886552931954, 14.142135623730951, 11.180339887498949, 9.433981132056603, 8.0, 11.180339887498949, 5.0, 5.385164807134504, 5.0, 0.0, 59.464274989274024, 54.67174773134658, 51.61395160225576, 56.568542494923804, 50.0, 55.17245689653489, 48.41487374764082, 53.150729063673246, 96.17692030835673, 95.524865872714, 93.2148056909416, 90.55385138137417, 89.26925562588724, 88.56635930193812, 88.28363381737297, 87.32124598286491, 85.58621384311844, 78.03204469959762, 76.32168761236873, 74.79304780526061, 71.19691004531025, 69.46221994724903, 72.11102550927978, 65.29931086925804, 65.19202405202648, 68.00735254367721, 66.2872536767062, 42.05948168962618, 39.35733730830886, 2.0, 58.0, 53.41348144429457, 72.69112738154499],
        [45.17742799230607, 82.22530024268686, 73.37574531137656, 82.96987405076617, 78.74642849044012, 83.5224520712844, 74.67261881037788, 75.76938695805846, 80.4114419718985, 45.34313619501854, 48.79549159502341, 50.20956084253277, 53.81449618829484, 49.20365840057018, 55.86591089385369, 54.67174773134658, 56.22277118748239, 59.464274989274024, 0.0, 5.385164807134504, 10.198039027185569, 4.0, 10.770329614269007, 6.0, 11.661903789690601, 9.0, 56.79788728465171, 59.16924876994806, 54.120236510939236, 54.91812087098393, 50.60632371551998, 53.25410782277739, 49.73932046178355, 45.617978911828175, 50.80354318352215, 83.24061508662703, 82.71033792700887, 79.81227975693966, 77.12976079309465, 76.68767828015137, 81.58431221748455, 71.386273190299, 75.8023746329889, 80.75270893288967, 77.78174593052023, 80.65358020571685, 79.37883848986453, 58.0, 2.0, 7.280109889280518, 41.036569057366385],
        [40.049968789001575, 76.90253571892151, 68.00735254367721, 77.62087348130012, 73.37574531137656, 78.16009211867653, 69.28924880528002, 70.3846574190711, 75.02666192761077, 40.607881008493905, 43.86342439892262, 45.34313619501854, 48.79549159502341, 44.654227123532216, 50.93132631298737, 50.0, 51.61395160225576, 54.67174773134658, 5.385164807134504, 0.0, 5.0, 5.385164807134504, 5.385164807134504, 6.4031242374328485, 6.4031242374328485, 8.602325267042627, 56.64803615307419, 58.60034129593445, 53.85164807134504, 54.120236510939236, 50.15974481593781, 52.354560450833695, 49.24428900898052, 45.5411901469428, 49.73932046178355, 79.05694150420949, 78.44743462982075, 75.58438992278762, 72.80109889280519, 72.27724399837061, 77.12976079309465, 66.94027188471824, 71.19691004531025, 76.11832893594026, 73.16419889536138, 75.28612089887484, 74.0, 53.150729063673246, 5.0, 2.0, 39.05124837953327],
        [35.05709628591621, 72.03471385380801, 63.245553203367585, 72.80109889280519, 68.62215385719105, 73.37574531137656, 64.62197768561404, 65.79513659838392, 70.3846574190711, 37.73592452822641, 40.607881008493905, 42.20189569201838, 45.34313619501854, 42.05948168962618, 47.634021455258214, 47.16990566028302, 48.877397639399746, 51.61395160225576, 10.198039027185569, 5.0, 0.0, 10.198039027185569, 2.0, 10.770329614269007, 4.0, 12.206555615733702, 55.08175741568164, 56.64803615307419, 52.20153254455275, 52.0, 48.38388161361178, 50.15974481593781, 47.43416490252569, 44.14748010928823, 47.4236228055175, 74.33034373659252, 73.68174807915459, 70.83784299369935, 68.00735254367721, 67.446274915669, 72.27724399837061, 62.0966987850401, 66.2872536767062, 71.19691004531025, 68.24954212300622, 70.51950084905593, 69.28924880528002, 50.0, 10.0, 3.0, 36.05551275463989],
        [45.0, 81.39410298049853, 72.27724399837061, 82.0, 77.62087348130012, 82.46211251235322, 73.37574531137656, 74.33034373659252, 79.05694150420949, 42.42640687119285, 46.09772228646444, 47.4236228055175, 51.22499389946279, 46.09772228646444, 53.150729063673246, 51.66236541235796, 53.150729063673246, 56.568542494923804, 4.0, 5.385164807134504, 10.198039027185569, 0.0, 10.0, 2.0, 10.198039027185569, 5.0, 60.41522986797286, 62.64982043070834, 57.697486947006624, 58.309518948453004, 54.120236510939236, 56.60388679233962, 53.23532661682466, 49.24428900898052, 54.08326913195984, 84.43340571124678, 83.81527307120105, 80.95677859203639, 78.16009211867653, 77.62087348130012, 82.46211251235322, 72.27724399837061, 76.48529270389177, 81.39410298049853, 78.44743462982075, 79.55501241279521, 78.16009211867653, 55.17245689653489, 2.0, 7.280109889280518, 43.86342439892262],
        [35.0, 71.58910531638176, 62.6418390534633, 72.27724399837061, 68.00735254367721, 72.80109889280519, 63.90618123468183, 65.0, 69.6419413859206, 36.05551275463989, 39.05124837953327, 40.607881008493905, 43.86342439892262, 40.311288741492746, 46.09772228646444, 45.48626166217664, 47.16990566028302, 50.0, 10.770329614269007, 5.385164807134504, 2.0, 10.0, 0.0, 10.198039027185569, 2.0, 11.180339887498949, 57.0087712549569, 58.52349955359813, 54.120236510939236, 53.85164807134504, 50.28916384272063, 52.0, 49.33558553417604, 46.09772228646444, 49.24428900898052, 75.02666192761077, 74.33034373659252, 71.5122367151245, 68.62215385719105, 68.00735254367721, 72.80109889280519, 62.6418390534633, 66.70832032063167, 71.58910531638176, 68.65857557508748, 69.92138442565336, 68.62215385719105, 48.41487374764082, 10.198039027185569, 3.605551275463989, 37.73592452822641],
        [45.044422518220834, 81.04936767180853, 71.80529228406496, 81.58431221748455, 77.12976079309465, 82.0, 72.80109889280519, 73.68174807915459, 78.44743462982075, 41.036569057366385, 44.82186966202994, 46.09772228646444, 50.0, 44.598206241955516, 51.85556864985669, 50.20956084253277, 51.66236541235796, 55.17245689653489, 6.0, 6.4031242374328485, 10.770329614269007, 2.0, 10.198039027185569, 0.0, 10.0, 3.0, 62.24146527838174, 64.41273166075166, 59.50630218724736, 60.03332407921454, 55.90169943749474, 58.309518948453004, 55.00909015790027, 51.07837115648854, 55.758407437802596, 85.09406559801923, 84.43340571124678, 81.59656855530139, 78.74642849044012, 78.16009211867653, 82.96987405076617, 72.80109889280519, 76.90253571892151, 81.78630692236935, 78.85429601486528, 79.07591289387686, 77.62087348130012, 53.81449618829484, 4.0, 8.06225774829855, 45.34313619501854],
        [35.05709628591621, 71.19691004531025, 62.0966987850401, 71.80529228406496, 67.446274915669, 72.27724399837061, 63.245553203367585, 64.25729530566937, 68.9492567037528, 34.40930106817051, 37.53664875824692, 39.05124837953327, 42.42640687119285, 38.58756276314948, 44.598206241955516, 43.829214001622255, 45.48626166217664, 48.41487374764082, 11.661903789690601, 6.4031242374328485, 4.0, 10.198039027185569, 2.0, 10.0, 0.0, 10.44030650891055, 58.9406481131655, 60.40695324215582, 56.04462507680822, 55.71355310873648, 52.20153254455275, 53.85164807134504, 51.24451190127583, 48.05205510693585, 51.07837115648854, 75.76938695805846, 75.02666192761077, 72.2357252334328, 69.28924880528002, 68.62215385719105, 73.37574531137656, 63.245553203367585, 67.1863081289633, 72.03471385380801, 69.12307863514182, 69.3757882838098, 68.00735254367721, 46.861498055439924, 10.770329614269007, 5.0, 39.44616584663204],
        [45.27692569068709, 80.62257748298549, 71.19691004531025, 81.04936767180853, 76.48529270389177, 81.39410298049853, 72.03471385380801, 72.80109889280519, 77.62087348130012, 39.05124837953327, 43.01162633521314, 44.204072210600685, 48.25971404805462, 42.42640687119285, 50.0, 48.104053883222775, 49.49747468305833, 53.150729063673246, 9.0, 8.602325267042627, 12.206555615733702, 5.0, 11.180339887498949, 3.0, 10.44030650891055, 0.0, 65.0, 67.08203932499369, 62.24146527838174, 62.64982043070834, 58.60034129593445, 60.90155991434045, 57.697486947006624, 53.85164807134504, 58.309518948453004, 86.16263691415206, 85.44003745317531, 82.63776376451628, 79.71198153351854, 79.05694150420949, 83.81527307120105, 73.68174807915459, 77.62087348130012, 82.46211251235322, 79.55501241279521, 78.44743462982075, 76.90253571892151, 51.85556864985669, 7.0, 9.899494936611665, 47.634021455258214],
        [58.52349955359813, 89.02246907382428, 85.75546629807339, 91.40021881811882, 90.13878188659973, 93.00537618869137, 89.1852005660132, 91.7877987534291, 94.33981132056604, 85.14693182963201, 85.58621384311844, 87.5728268357257, 88.28363381737297, 90.13878188659973, 91.2414379544733, 93.53608929178085, 95.524865872714, 96.17692030835673, 56.79788728465171, 56.64803615307419, 55.08175741568164, 60.41522986797286, 57.0087712549569, 62.24146527838174, 58.9406481131655, 65.0, 0.0, 5.0, 3.0, 7.0710678118654755, 7.0, 8.602325267042627, 8.0, 11.180339887498949, 11.180339887498949, 61.71709649683789, 62.64982043070834, 60.03332407921454, 59.90826320300064, 61.032778078668514, 65.19202405202648, 58.25804665451803, 64.03124237432849, 68.00735254367721, 65.60487786742691, 91.2633551870629, 91.80958555619343, 94.2019108086455, 58.60034129593445, 55.97320787662612, 23.53720459187964],
        [57.0087712549569, 86.02325267042627, 83.24061508662703, 88.48163651289458, 87.46427842267951, 90.13878188659973, 86.76981041814025, 89.44271909999159, 91.7877987534291, 85.0, 85.14693182963201, 87.14355971613737, 87.5728268357257, 90.0, 90.55385138137417, 93.13431161500041, 95.13148795220224, 95.524865872714, 59.16924876994806, 58.60034129593445, 56.64803615307419, 62.64982043070834, 58.52349955359813, 64.41273166075166, 60.40695324215582, 67.08203932499369, 5.0, 0.0, 5.830951894845301, 5.0, 8.602325267042627, 7.0, 9.433981132056603, 14.142135623730951, 10.0, 57.30619512757761, 58.309518948453004, 55.758407437802596, 55.80322571321482, 57.0087712549569, 61.032778078668514, 54.48853090330111, 60.207972893961475, 64.03124237432849, 61.71709649683789, 88.50988645343524, 89.1852005660132, 93.53608929178085, 60.90155991434045, 57.77542730261716, 23.0],
        [55.71355310873648, 86.68333173107735, 83.21658488546619, 89.02246907382428, 87.65842800324451, 90.60353193998566, 86.6083136886985, 89.1852005660132, 91.80958555619343, 82.15229759416349, 82.60750571225353, 84.5931439302264, 85.32877591996736, 87.14355971613737, 88.28363381737297, 90.55385138137417, 92.5418824100742, 93.2148056909416, 54.120236510939236, 53.85164807134504, 52.20153254455275, 57.697486947006624, 54.120236510939236, 59.50630218724736, 56.04462507680822, 62.24146527838174, 3.0, 5.830951894845301, 0.0, 5.385164807134504, 4.0, 6.4031242374328485, 5.0, 8.602325267042627, 8.602325267042627, 60.41522986797286, 61.26989472816156, 58.59180830116101, 58.309518948453004, 59.36328831862332, 63.631753079732135, 56.4003546088143, 62.20128616033595, 66.2872536767062, 63.8200595424354, 88.81441324469807, 89.30845424706443, 91.2414379544733, 55.90169943749474, 53.14132102234569, 20.615528128088304],
        [52.20153254455275, 82.00609733428362, 78.89233169326408, 84.40379138403677, 83.21658488546619, 86.02325267042627, 82.365041127896, 85.0, 87.46427842267951, 80.0, 80.15609770940699, 82.15229759416349, 82.60750571225353, 85.0, 85.58621384311844, 88.14193099768123, 90.13878188659973, 90.55385138137417, 54.91812087098393, 54.120236510939236, 52.0, 58.309518948453004, 53.85164807134504, 60.03332407921454, 55.71355310873648, 62.64982043070834, 7.0710678118654755, 5.0, 5.385164807134504, 0.0, 5.385164807134504, 2.0, 5.830951894845301, 11.180339887498949, 5.0, 55.036351623268054, 55.90169943749474, 53.23532661682466, 53.0, 54.08326913195984, 58.309518948453004, 51.22499389946279, 57.0087712549569, 61.032778078668514, 58.60034129593445, 84.31488599292535, 84.90583018850944, 88.56635930193812, 56.60388679233962, 53.225933528685054, 18.0],
        [52.0, 83.6301381082203, 79.88116173416608, 85.9127464349732, 84.40379138403677, 87.45856161634491, 83.21658488546619, 85.75546629807339, 88.48163651289458, 78.16009211867653, 78.63841300535, 80.62257748298549, 81.39410298049853, 83.15046602394962, 84.34453153583817, 86.57944328765345, 88.56635930193812, 89.26925562588724, 50.60632371551998, 50.15974481593781, 48.38388161361178, 54.120236510939236, 50.28916384272063, 55.90169943749474, 52.20153254455275, 58.60034129593445, 7.0, 8.602325267042627, 4.0, 5.385164807134504, 0.0, 5.0, 1.0, 5.830951894845301, 5.830951894845301, 58.872744118140105, 59.61543424315552, 56.859475903318, 56.356011214421486, 57.30619512757761, 61.71709649683789, 54.08326913195984, 59.90826320300064, 64.1404708432983, 61.587336360651285, 85.60373823613078, 86.02325267042627, 87.29833904490967, 52.354560450833695, 49.39635614091387, 16.76305461424021],
        [50.28916384272063, 80.43009387039157, 77.17512552629896, 82.80096617793781, 81.54140052758476, 84.40379138403677, 80.62257748298549, 83.24061508662703, 85.75546629807339, 78.0, 78.16009211867653, 80.15609770940699, 80.62257748298549, 83.0, 83.60023923410746, 86.14522621712709, 88.14193099768123, 88.56635930193812, 53.25410782277739, 52.354560450833695, 50.15974481593781, 56.60388679233962, 52.0, 58.309518948453004, 53.85164807134504, 60.90155991434045, 8.602325267042627, 7.0, 6.4031242374328485, 2.0, 5.0, 0.0, 5.0990195135927845, 10.44030650891055, 3.0, 54.230987451824994, 55.036351623268054, 52.32590180780452, 51.97114584074513, 53.0, 57.30619512757761, 50.0, 55.80322571321482, 59.90826320300064, 57.42821606144492, 82.66196223173026, 83.21658488546619, 86.57944328765345, 54.91812087098393, 51.42956348249516, 16.0],
        [51.07837115648854, 82.87943049997388, 79.05694150420949, 85.14693182963201, 83.60023923410746, 86.68333173107735, 82.37718130647589, 84.90583018850944, 87.65842800324451, 77.1621668954417, 77.64663547121665, 79.63039620647382, 80.4114419718985, 82.15229759416349, 83.3606621854697, 85.58621384311844, 87.5728268357257, 88.28363381737297, 49.73932046178355, 49.24428900898052, 47.43416490252569, 53.23532661682466, 49.33558553417604, 55.00909015790027, 51.24451190127583, 57.697486947006624, 8.0, 9.433981132056603, 5.0, 5.830951894845301, 1.0, 5.0990195135927845, 0.0, 5.385164807134504, 5.385164807134504, 58.52349955359813, 59.23681287847955, 56.462376853972415, 55.90169943749474, 56.824290580701486, 61.26989472816156, 53.53503525729669, 59.36328831862332, 63.631753079732135, 61.05735008989499, 84.81155581640984, 85.21150157109074, 86.31338250816034, 51.478150704935004, 48.46648326421054, 15.811388300841896],
        [51.478150704935004, 84.8528137423857, 80.43009387039157, 87.0, 85.14693182963201, 88.45903006477066, 83.60023923410746, 86.02325267042627, 89.02246907382428, 75.66372975210778, 76.48529270389177, 78.44743462982075, 79.55501241279521, 80.62257748298549, 82.46211251235322, 84.34453153583817, 86.31338250816034, 87.32124598286491, 45.617978911828175, 45.5411901469428, 44.14748010928823, 49.24428900898052, 46.09772228646444, 51.07837115648854, 48.05205510693585, 53.85164807134504, 11.180339887498949, 14.142135623730951, 8.602325267042627, 11.180339887498949, 5.830951894845301, 10.44030650891055, 5.385164807134504, 0.0, 10.0, 62.6418390534633, 63.245553203367585, 60.40695324215582, 59.61543424315552, 60.41522986797286, 65.0, 56.824290580701486, 62.64982043070834, 67.08203932499369, 64.41273166075166, 86.45229898620394, 86.68333173107735, 85.37564055396598, 47.4236228055175, 44.9221548904324, 16.401219466856727],
        [47.43416490252569, 78.10249675906654, 74.62573282722254, 80.43009387039157, 79.05694150420949, 82.00609733428362, 78.03204469959762, 80.62257748298549, 83.21658488546619, 75.0, 75.16648189186454, 77.1621668954417, 77.64663547121665, 80.0, 80.62257748298549, 83.15046602394962, 85.14693182963201, 85.58621384311844, 50.80354318352215, 49.73932046178355, 47.4236228055175, 54.08326913195984, 49.24428900898052, 55.758407437802596, 51.07837115648854, 58.309518948453004, 11.180339887498949, 10.0, 8.602325267042627, 5.0, 5.830951894845301, 3.0, 5.385164807134504, 10.0, 0.0, 53.14132102234569, 53.85164807134504, 51.07837115648854, 50.53711507397311, 51.478150704935004, 55.90169943749474, 48.25971404805462, 54.08326913195984, 58.309518948453004, 55.758407437802596, 80.2122185206219, 80.7093550959243, 83.60023923410746, 52.43090691567332, 48.76474136094644, 13.0],
        [44.204072210600685, 42.0, 46.09772228646444, 45.0, 47.265209192385896, 47.0, 50.00999900019995, 52.952809179494906, 52.23983154643591, 75.82216034906945, 72.62231062146122, 74.2024258363566, 71.28113354878694, 79.64923100695951, 73.78346698278686, 79.05694150420949, 80.7093550959243, 78.03204469959762, 83.24061508662703, 79.05694150420949, 74.33034373659252, 84.43340571124678, 75.02666192761077, 85.09406559801923, 75.76938695805846, 86.16263691415206, 61.71709649683789, 57.30619512757761, 60.41522986797286, 55.036351623268054, 58.872744118140105, 54.230987451824994, 58.52349955359813, 62.6418390534633, 53.14132102234569, 0.0, 2.0, 3.605551275463989, 7.0710678118654755, 8.602325267042627, 7.0, 13.45362404707371, 13.0, 12.0, 12.36931687685298, 47.095647357266465, 49.25444142409901, 76.32168761236873, 83.81527307120105, 77.1621668954417, 50.24937810560445],
        [43.01162633521314, 40.0, 44.14748010928823, 43.0, 45.27692569068709, 45.0, 48.05205510693585, 50.99019513592785, 50.24937810560445, 74.33034373659252, 71.06335201775947, 72.62231062146122, 69.63476143421474, 78.10249675906654, 72.11102550927978, 77.42092740338364, 79.05694150420949, 76.32168761236873, 82.71033792700887, 78.44743462982075, 73.68174807915459, 83.81527307120105, 74.33034373659252, 84.43340571124678, 75.02666192761077, 85.44003745317531, 62.64982043070834, 58.309518948453004, 61.26989472816156, 55.90169943749474, 59.61543424315552, 55.036351623268054, 59.23681287847955, 63.245553203367585, 53.85164807134504, 2.0, 0.0, 3.0, 5.830951894845301, 7.0710678118654755, 5.0, 12.206555615733702, 11.180339887498949, 10.0, 10.44030650891055, 45.09988913511872, 47.265209192385896, 74.62573282722254, 83.24061508662703, 76.53757247260981, 50.48762224545735],
        [40.607881008493905, 40.11234224026316, 43.56604182158393, 43.104524124504614, 45.044422518220834, 45.09988913511872, 47.51841748206689, 50.48762224545735, 50.039984012787215, 72.34638899074369, 69.20260110718382, 70.80254232723568, 67.95586803212802, 76.21679604916491, 70.49113419430843, 75.71657678474378, 77.38862965578342, 74.79304780526061, 79.81227975693966, 75.58438992278762, 70.83784299369935, 80.95677859203639, 71.5122367151245, 81.59656855530139, 72.2357252334328, 82.63776376451628, 60.03332407921454, 55.758407437802596, 58.59180830116101, 53.23532661682466, 56.859475903318, 52.32590180780452, 56.462376853972415, 60.40695324215582, 51.07837115648854, 3.605551275463989, 3.0, 0.0, 3.605551275463989, 5.385164807134504, 5.830951894845301, 9.899494936611665, 10.198039027185569, 10.44030650891055, 10.0, 45.0, 47.042533945356304, 73.06161783043132, 80.36168241145776, 73.68174807915459, 47.51841748206689],
        [37.20215047547655, 37.33630940518894, 40.311288741492746, 40.311288741492746, 42.0, 42.2965719651132, 44.28317965096906, 47.265209192385896, 47.0, 68.76772498781678, 65.60487786742691, 67.20119046564577, 64.35060217278468, 72.62231062146122, 66.88796603276258, 72.11102550927978, 73.78346698278686, 71.19691004531025, 77.12976079309465, 72.80109889280519, 68.00735254367721, 78.16009211867653, 68.62215385719105, 78.74642849044012, 69.28924880528002, 79.71198153351854, 59.90826320300064, 55.80322571321482, 58.309518948453004, 53.0, 56.356011214421486, 51.97114584074513, 55.90169943749474, 59.61543424315552, 50.53711507397311, 7.0710678118654755, 5.830951894845301, 3.605551275463989, 0.0, 2.0, 5.385164807134504, 6.4031242374328485, 7.0, 8.602325267042627, 7.280109889280518, 42.04759208325728, 44.0, 69.46221994724903, 77.62087348130012, 70.8801805866774, 46.09772228646444],
        [36.05551275463989, 35.35533905932738, 38.3275357934736, 38.3275357934736, 40.0, 40.311288741492746, 42.2965719651132, 45.27692569068709, 45.0, 67.26812023536856, 64.03124237432849, 65.60487786742691, 62.68173577685928, 71.06335201775947, 65.19202405202648, 70.45565981523414, 72.11102550927978, 69.46221994724903, 76.68767828015137, 72.27724399837061, 67.446274915669, 77.62087348130012, 68.00735254367721, 78.16009211867653, 68.62215385719105, 79.05694150420949, 61.032778078668514, 57.0087712549569, 59.36328831862332, 54.08326913195984, 57.30619512757761, 53.0, 56.824290580701486, 60.41522986797286, 51.478150704935004, 8.602325267042627, 7.0710678118654755, 5.385164807134504, 2.0, 0.0, 5.0, 5.385164807134504, 5.0, 7.0710678118654755, 5.385164807134504, 40.049968789001575, 42.0, 67.7421582177598, 77.12976079309465, 70.3420215802759, 46.57252408878007],
        [40.311288741492746, 35.0, 39.293765408777, 38.0, 40.311288741492746, 40.0, 43.174066289845804, 46.09772228646444, 45.27692569068709, 70.71067811865476, 67.26812023536856, 68.76772498781678, 65.60487786742691, 74.33034373659252, 68.00735254367721, 73.40980860893181, 75.0, 72.11102550927978, 81.58431221748455, 77.12976079309465, 72.27724399837061, 82.46211251235322, 72.80109889280519, 82.96987405076617, 73.37574531137656, 83.81527307120105, 65.19202405202648, 61.032778078668514, 63.631753079732135, 58.309518948453004, 61.71709649683789, 57.30619512757761, 61.26989472816156, 65.0, 55.90169943749474, 7.0, 5.0, 5.830951894845301, 5.385164807134504, 5.0, 0.0, 10.198039027185569, 7.0710678118654755, 5.0, 5.830951894845301, 40.11234224026316, 42.2965719651132, 70.45565981523414, 82.0, 75.18643494673756, 51.419840528729765],
        [30.805843601498726, 34.48187929913333, 36.0, 37.36308338453881, 38.3275357934736, 39.293765408777, 40.0, 43.0, 43.289721643826724, 62.48199740725323, 59.405386961116584, 61.032778078668514, 58.309518948453004, 66.40030120413611, 60.90155991434045, 66.03786792439622, 67.7421582177598, 65.29931086925804, 71.386273190299, 66.94027188471824, 62.0966987850401, 72.27724399837061, 62.6418390534633, 72.80109889280519, 63.245553203367585, 73.68174807915459, 58.25804665451803, 54.48853090330111, 56.4003546088143, 51.22499389946279, 54.08326913195984, 50.0, 53.53503525729669, 56.824290580701486, 48.25971404805462, 13.45362404707371, 12.206555615733702, 9.899494936611665, 6.4031242374328485, 5.385164807134504, 10.198039027185569, 0.0, 5.830951894845301, 10.44030650891055, 7.615773105863909, 38.63935817272331, 40.311288741492746, 63.52952069707436, 71.80529228406496, 65.0, 42.37924020083418],
