{
    "instance_name": "C206",
    "instance_origin": "Solomon1987",
    "benchmark_name": "Sintef2008",
    "num_customers": 25,
    "num_vehicles": 25,
    "vehicle_capacity": 700,
    "coordinates": [
        [40, 50],
        [52, 75],
        [45, 70],
        [62, 69],
        [60, 66],
        [42, 65],
        [16, 42],
        [58, 70],
        [34, 60],
        [28, 70],
        [35, 66],
        [35, 69],
        [25, 85],
        [22, 75],
        [22, 85],
        [20, 80],
        [20, 85],
        [18, 75],
        [15, 75],
        [15, 80],
        [30, 50],
        [30, 56],
        [28, 52],
        [14, 66],
        [25, 50],
        [22, 66]
    ],
    "demands": [0, 10, 30, 10, 10, 10, 20, 20, 20, 10, 10, 10, 20, 30, 10, 40, 40, 20, 20, 10, 10, 20, 20, 10, 10, 40],
    "service_times": [0, 90, 90, 90, 90, 90, 90, 90, 90, 90, 90, 90, 90, 90, 90, 90, 90, 90, 90, 90, 90, 90, 90, 90, 90, 90],
    "time_windows": [
        [0, 3390],
        [213, 568],
        [22, 563],
        [1030, 1463],
        [1154, 1527],
        [15, 402],
        [331, 822],
        [965, 1340],
        [2653, 3280],
        [2385, 2976],
        [2628, 3113],
        [2603, 2952],
        [1985, 2412],
        [2310, 2659],
        [1846, 2365],
        [2077, 2514],
        [1763, 2264],
        [2143, 2638],
        [1560, 2083],
        [1689, 2144],
        [10, 645],
        [2675, 3288],
        [12, 505],
        [1519, 1926],
        [23, 368],
        [2380, 2787]
    ],
    "depot": 0,
    "arc_costs": [
        [0.0, 27.730849247724095, 20.615528128088304, 29.068883707497267, 25.612496949731394, 15.132745950421556, 25.298221281347036, 26.90724809414742, 11.661903789690601, 23.323807579381203, 16.76305461424021, 19.6468827043885, 38.07886552931954, 30.805843601498726, 39.35733730830886, 36.05551275463989, 40.311288741492746, 33.301651610693426, 35.35533905932738, 39.05124837953327, 10.0, 11.661903789690601, 12.165525060596439, 30.528675044947494, 15.0, 24.08318915758459],
        [27.730849247724095, 0.0, 8.602325267042627, 11.661903789690601, 12.041594578792296, 14.142135623730951, 48.83646178829912, 7.810249675906654, 23.430749027719962, 24.515301344262525, 19.235384061671343, 18.027756377319946, 28.792360097775937, 30.0, 31.622776601683793, 32.38826948140329, 33.52610922848042, 34.0, 37.0, 37.33630940518894, 33.301651610693426, 29.068883707497267, 33.24154027718932, 39.05124837953327, 36.796738985948195, 31.32091952673165],
        [20.615528128088304, 8.602325267042627, 0.0, 17.029386365926403, 15.524174696260024, 5.830951894845301, 40.311288741492746, 13.0, 14.866068747318506, 17.0, 10.770329614269007, 10.04987562112089, 25.0, 23.53720459187964, 27.459060435491963, 26.92582403567252, 29.154759474226502, 27.459060435491963, 30.4138126514911, 31.622776601683793, 25.0, 20.518284528683193, 24.758836806279895, 31.25699921617557, 28.284271247461902, 23.345235059857504],
        [29.068883707497267, 11.661903789690601, 17.029386365926403, 0.0, 3.605551275463989, 20.396078054371138, 53.33854141237835, 4.123105625617661, 29.410882339705484, 34.0147027033899, 27.16615541441225, 27.0, 40.311288741492746, 40.44749683231337, 43.08131845707603, 43.41658669218482, 44.94441010848846, 44.40720662234904, 47.38143096192854, 48.27007354458868, 37.21558813185679, 34.539832078341085, 38.01315561749642, 48.093658625644196, 41.593268686170845, 40.11234224026316],
        [25.612496949731394, 12.041594578792296, 15.524174696260024, 3.605551275463989, 0.0, 18.027756377319946, 50.11985634456667, 4.47213595499958, 26.68332812825267, 32.2490309931942, 25.0, 25.179356624028344, 39.824615503479755, 39.05124837953327, 42.485291572496, 42.37924020083418, 44.28317965096906, 42.95346318982906, 45.89117562233506, 47.12748667179272, 34.0, 31.622776601683793, 34.92849839314596, 46.0, 38.48376280978771, 38.0],
        [15.132745950421556, 14.142135623730951, 5.830951894845301, 20.396078054371138, 18.027756377319946, 0.0, 34.713109915419565, 16.76305461424021, 9.433981132056603, 14.866068747318506, 7.0710678118654755, 8.06225774829855, 26.248809496813376, 22.360679774997898, 28.284271247461902, 26.627053911388696, 29.732137494637012, 26.0, 28.792360097775937, 30.886890422961002, 19.209372712298546, 15.0, 19.1049731745428, 28.0178514522438, 22.67156809750927, 20.024984394500787],
        [25.298221281347036, 48.83646178829912, 40.311288741492746, 53.33854141237835, 50.11985634456667, 34.713109915419565, 0.0, 50.47771785649585, 25.45584412271571, 30.463092423455635, 30.610455730027933, 33.015148038438355, 43.93176527297759, 33.54101966249684, 43.41658669218482, 38.2099463490856, 43.18564576337837, 33.06055050963308, 33.015148038438355, 38.01315561749642, 16.1245154965971, 19.79898987322333, 15.620499351813308, 24.08318915758459, 12.041594578792296, 24.73863375370596],
        [26.90724809414742, 7.810249675906654, 13.0, 4.123105625617661, 4.47213595499958, 16.76305461424021, 50.47771785649585, 0.0, 26.0, 30.0, 23.345235059857504, 23.021728866442675, 36.24913792078372, 36.345563690772494, 39.0, 39.293765408777, 40.85339643163099, 40.311288741492746, 43.289721643826724, 44.14748010928823, 34.40930106817051, 31.304951684997057, 34.9857113690718, 44.181444068749045, 38.58756276314948, 36.22154055254967],
        [11.661903789690601, 23.430749027719962, 14.866068747318506, 29.410882339705484, 26.68332812825267, 9.433981132056603, 25.45584412271571, 26.0, 0.0, 11.661903789690601, 6.082762530298219, 9.055385138137417, 26.570660511172846, 19.209372712298546, 27.730849247724095, 24.413111231467404, 28.653097563788805, 21.93171219946131, 24.20743687382041, 27.586228448267445, 10.770329614269007, 5.656854249492381, 10.0, 20.8806130178211, 13.45362404707371, 13.416407864998739],
        [23.323807579381203, 24.515301344262525, 17.0, 34.0147027033899, 32.2490309931942, 14.866068747318506, 30.463092423455635, 30.0, 11.661903789690601, 0.0, 8.06225774829855, 7.0710678118654755, 15.297058540778355, 7.810249675906654, 16.15549442140351, 12.806248474865697, 17.0, 11.180339887498949, 13.92838827718412, 16.401219466856727, 20.09975124224178, 14.142135623730951, 18.0, 14.560219778561036, 20.223748416156685, 7.211102550927978],
        [16.76305461424021, 19.235384061671343, 10.770329614269007, 27.16615541441225, 25.0, 7.0710678118654755, 30.610455730027933, 23.345235059857504, 6.082762530298219, 8.06225774829855, 0.0, 3.0, 21.470910553583888, 15.811388300841896, 23.021728866442675, 20.518284528683193, 24.20743687382041, 19.235384061671343, 21.93171219946131, 24.413111231467404, 16.76305461424021, 11.180339887498949, 15.652475842498529, 21.0, 18.867962264113206, 13.0],
        [19.6468827043885, 18.027756377319946, 10.04987562112089, 27.0, 25.179356624028344, 8.06225774829855, 33.015148038438355, 23.021728866442675, 9.055385138137417, 7.0710678118654755, 3.0, 0.0, 18.867962264113206, 14.317821063276353, 20.615528128088304, 18.601075237738275, 21.93171219946131, 18.027756377319946, 20.8806130178211, 22.825424421026653, 19.6468827043885, 13.92838827718412, 18.384776310850235, 21.213203435596427, 21.470910553583888, 13.341664064126334],
        [38.07886552931954, 28.792360097775937, 25.0, 40.311288741492746, 39.824615503479755, 26.248809496813376, 43.93176527297759, 36.24913792078372, 26.570660511172846, 15.297058540778355, 21.470910553583888, 18.867962264113206, 0.0, 10.44030650891055, 3.0, 7.0710678118654755, 5.0, 12.206555615733702, 14.142135623730951, 11.180339887498949, 35.35533905932738, 29.427877939124322, 33.13608305156178, 21.95449840010015, 35.0, 19.235384061671343],
        [30.805843601498726, 30.0, 23.53720459187964, 40.44749683231337, 39.05124837953327, 22.360679774997898, 33.54101966249684, 36.345563690772494, 19.209372712298546, 7.810249675906654, 15.811388300841896, 14.317821063276353, 10.44030650891055, 0.0, 10.0, 5.385164807134504, 10.198039027185569, 4.0, 7.0, 8.602325267042627, 26.248809496813376, 20.615528128088304, 23.769728648009426, 12.041594578792296, 25.179356624028344, 9.0],
        [39.35733730830886, 31.622776601683793, 27.459060435491963, 43.08131845707603, 42.485291572496, 28.284271247461902, 43.41658669218482, 39.0, 27.730849247724095, 16.15549442140351, 23.021728866442675, 20.615528128088304, 3.0, 10.0, 0.0, 5.385164807134504, 2.0, 10.770329614269007, 12.206555615733702, 8.602325267042627, 35.90264614203248, 30.083217912982647, 33.54101966249684, 20.615528128088304, 35.12833614050059, 19.0],
        [36.05551275463989, 32.38826948140329, 26.92582403567252, 43.41658669218482, 42.37924020083418, 26.627053911388696, 38.2099463490856, 39.293765408777, 24.413111231467404, 12.806248474865697, 20.518284528683193, 18.601075237738275, 7.0710678118654755, 5.385164807134504, 5.385164807134504, 0.0, 5.0, 5.385164807134504, 7.0710678118654755, 5.0, 31.622776601683793, 26.0, 29.120439557122072, 15.231546211727817, 30.4138126514911, 14.142135623730951],
        [40.311288741492746, 33.52610922848042, 29.154759474226502, 44.94441010848846, 44.28317965096906, 29.732137494637012, 43.18564576337837, 40.85339643163099, 28.653097563788805, 17.0, 24.20743687382041, 21.93171219946131, 5.0, 10.198039027185569, 2.0, 5.0, 0.0, 10.198039027185569, 11.180339887498949, 7.0710678118654755, 36.40054944640259, 30.675723300355934, 33.95585369269929, 19.924858845171276, 35.35533905932738, 19.1049731745428],
        [33.301651610693426, 34.0, 27.459060435491963, 44.40720662234904, 42.95346318982906, 26.0, 33.06055050963308, 40.311288741492746, 21.93171219946131, 11.180339887498949, 19.235384061671343, 18.027756377319946, 12.206555615733702, 4.0, 10.770329614269007, 5.385164807134504, 10.198039027185569, 0.0, 3.0, 5.830951894845301, 27.730849247724095, 22.47220505424423, 25.079872407968907, 9.848857801796104, 25.96150997149434, 9.848857801796104],
        [35.35533905932738, 37.0, 30.4138126514911, 47.38143096192854, 45.89117562233506, 28.792360097775937, 33.015148038438355, 43.289721643826724, 24.20743687382041, 13.92838827718412, 21.93171219946131, 20.8806130178211, 14.142135623730951, 7.0, 12.206555615733702, 7.0710678118654755, 11.180339887498949, 3.0, 0.0, 5.0, 29.154759474226502, 24.20743687382041, 26.419689627245813, 9.055385138137417, 26.92582403567252, 11.40175425099138],
        [39.05124837953327, 37.33630940518894, 31.622776601683793, 48.27007354458868, 47.12748667179272, 30.886890422961002, 38.01315561749642, 44.14748010928823, 27.586228448267445, 16.401219466856727, 24.413111231467404, 22.825424421026653, 11.180339887498949, 8.602325267042627, 8.602325267042627, 5.0, 7.0710678118654755, 5.830951894845301, 5.0, 0.0, 33.54101966249684, 28.30194339616981, 30.870698080866262, 14.035668847618199, 31.622776601683793, 15.652475842498529],
        [10.0, 33.301651610693426, 25.0, 37.21558813185679, 34.0, 19.209372712298546, 16.1245154965971, 34.40930106817051, 10.770329614269007, 20.09975124224178, 16.76305461424021, 19.6468827043885, 35.35533905932738, 26.248809496813376, 35.90264614203248, 31.622776601683793, 36.40054944640259, 27.730849247724095, 29.154759474226502, 33.54101966249684, 0.0, 6.0, 2.8284271247461903, 22.627416997969522, 5.0, 17.88854381999832],
        [11.661903789690601, 29.068883707497267, 20.518284528683193, 34.539832078341085, 31.622776601683793, 15.0, 19.79898987322333, 31.304951684997057, 5.656854249492381, 14.142135623730951, 11.180339887498949, 13.92838827718412, 29.427877939124322, 20.615528128088304, 30.083217912982647, 26.0, 30.675723300355934, 22.47220505424423, 24.20743687382041, 28.30194339616981, 6.0, 0.0, 4.47213595499958, 18.867962264113206, 7.810249675906654, 12.806248474865697],
        [12.165525060596439, 33.24154027718932, 24.758836806279895, 38.01315561749642, 34.92849839314596, 19.1049731745428, 15.620499351813308, 34.9857113690718, 10.0, 18.0, 15.652475842498529, 18.384776310850235, 33.13608305156178, 23.769728648009426, 33.54101966249684, 29.120439557122072, 33.95585369269929, 25.079872407968907, 26.419689627245813, 30.870698080866262, 2.8284271247461903, 4.47213595499958, 0.0, 19.79898987322333, 3.605551275463989, 15.231546211727817],
        [30.528675044947494, 39.05124837953327, 31.25699921617557, 48.093658625644196, 46.0, 28.0178514522438, 24.08318915758459, 44.181444068749045, 20.8806130178211, 14.560219778561036, 21.0, 21.213203435596427, 21.95449840010015, 12.041594578792296, 20.615528128088304, 15.231546211727817, 19.924858845171276, 9.848857801796104, 9.055385138137417, 14.035668847618199, 22.627416997969522, 18.867962264113206, 19.79898987322333, 0.0, 19.4164878389476, 8.0],
        [15.0, 36.796738985948195, 28.284271247461902, 41.593268686170845, 38.48376280978771, 22.67156809750927, 12.041594578792296, 38.58756276314948, 13.45362404707371, 20.223748416156685, 18.867962264113206, 21.470910553583888, 35.0, 25.179356624028344, 35.12833614050059, 30.4138126514911, 35.35533905932738, 25.96150997149434, 26.92582403567252, 31.622776601683793, 5.0, 7.810249675906654, 3.605551275463989, 19.4164878389476, 0.0, 16.278820596099706],
        [24.08318915758459, 31.32091952673165, 23.345235059857504, 40.11234224026316, 38.0, 20.024984394500787, 24.73863375370596, 36.22154055254967, 13.416407864998739, 7.211102550927978, 13.0, 13.341664064126334, 19.235384061671343, 9.0, 19.0, 14.142135623730951, 19.1049731745428, 9.848857801796104, 11.40175425099138, 15.652475842498529, 17.88854381999832, 12.806248474865697, 15.231546211727817, 8.0, 16.278820596099706, 0.0]
    ],
    "metadata": {
        "metric_variant": "euclidean",
        "authors": "Marius M. Solomon"
    }
}
