{
    "num_customers": 100,
    "vehicle_capacity": 146,
    "coordinates": [
        [-2011.8208970603278, 283.1481402135331],
        [7959.756023762962, 2301.1802502659493],
        [4957.426213488321, -4235.374818484273],
        [-1454.308436658062, 14222.048211377034],
        [-6327.143906140284, 6304.122629426554],
        [7932.701320543433, 6055.565662256718],
        [861.8007783116385, 2526.3381517710623],
        [5774.013890971568, 11057.052604798886],
        [-3614.3307966692337, 2301.5737897384315],
        [-3020.655090354089, 3560.7063798197055],
        [-13053.737473875986, 18551.650217476286],
        [-12958.970915396481, 14145.805641426621],
        [5452.9451814078475, 6694.506082951264],
        [691.9098910469143, 4111.941583212156],
        [-2679.446751659401, 3056.7935446959523],
        [594.6986224956574, 2882.870919891308],
        [-1425.7126661093537, 6746.051023426271],
        [-27091.116900385357, 6571.772396243392],
        [4405.051459662297, 5973.578593703986],
        [-1979.311898889782, -16748.426796166492],
        [-327.25922338058825, 2591.0723265448787],
        [-1964.9746864655588, 7800.308140799238],
        [608.2878377891368, 3659.1208273119155],
        [-6690.82856681372, -1918.6523195389905],
        [-5417.255229276956, 1079.8827799037301],
        [-12941.809504204886, 14009.490409836071],
        [-26798.68125003465, 2318.579725610896],
        [-27900.76808812548, -13031.839900874857],
        [-6131.471701745449, 14388.152476450909],
        [-2992.0764214324304, 2422.985888314655],
        [-7315.106985139974, -8198.97574535818],
        [25696.156135358007, -162.77531246589626],
        [-13791.599243401912, 2316.3049892130057],
        [6429.059524742809, 6142.825306398289],
        [-818.0912799845183, 376.81762451662024],
        [-2187.7755671518394, -3844.236954178272],
        [-9430.423254008854, 302.28601082422415],
        [-6392.780814486454, -320.57646889951644],
        [-756.7694957495211, 1982.781544875615],
        [65.91037555434863, 2457.040767507457],
        [-8569.177571651631, 7154.668802955406],
        [-313.01297349114384, 1254.2292259113551],
        [-10215.675679976424, 410.3322510698344],
        [-9444.073464597326, 323.2500737435545],
        [21411.04211657115, 7846.53627264705],
        [-6903.089066883365, 2611.5922416431804],
        [-1275.3239164764632, 6550.42934401767],
        [7602.459800618858, 11938.201419917263],
        [-4801.959499226986, 2848.2890831305544],
        [-2749.619358980878, -5918.8031676770215],
        [-8195.880966635516, -7622.450678742528],
        [-701.7130862708563, 10903.860930020994],
        [5674.2459867949665, -3086.6759323735414],
        [-6702.230721966943, -336.56635784010143],
        [-23247.474761036, 18126.89640255693],
        [-14900.5214817242, -8781.395828464365],
        [-6924.034481051903, 2967.4244528155004],
        [-22971.87389416672, -11582.192127902032],
        [-3036.2840544346736, 3377.8182921728944],
        [-1126.2436456785808, -6514.420868011599],
        [1061.1680726096347, 8233.559211956923],
        [-3633.3773404279746, 5421.403571314097],
        [-8538.395034138299, 7114.018569615855],
        [-3457.6605320504154, -2983.9161715992773],
        [-21204.441316232274, 18325.148863076654],
        [-6284.789018074083, 13598.918180346667],
        [-2066.6990633894857, -4413.555776950268],
        [-20304.886777171934, -5777.625519976753],
        [5463.614587928105, -1040.5836816730864],
        [6945.171129376214, 3135.4532376866164],
        [-6650.9102083127445, 3533.9206000062763],
        [731.70838352966, 2781.6439204670196],
        [-18893.635285941786, -9802.972414772788],
        [-3860.8019263143883, 9674.953629445388],
        [7267.663777940521, -9260.360476203296],
        [-9742.59702625347, 1459.746110097226],
        [860.2510909597373, 8104.7500991288025],
        [2483.9429364998973, 4298.592260119014],
        [-4284.03563202695, 3289.3431458147707],
        [688.9943711688201, 2274.434727514318],
        [-1730.023007565277, 14439.336173299602],
        [7836.632756757876, 10059.0846634402],
        [-5914.064267782612, 12822.268863388426],
        [-3315.897806241521, -18589.501935554657],
        [-11986.299151922754, 13783.832138182195],
        [-22275.878255632917, -12666.114888616474],
        [4364.209121657705, -1300.8867434326285],
        [-7085.65644863893, -2415.92768648549],
        [866.9199144603825, 2632.4903416896914],
        [6233.376817729651, 5766.40466741255],
        [6387.127619151726, -487.2809043899242],
        [365.8031118594831, 741.9128329604716],
        [8086.109399246359, -2425.1168348773863],
        [8198.824222598654, 4115.270913064828],
        [-5684.202246877901, -1211.411509351058],
        [-1551.2968644741402, 12094.992655380978],
        [6518.355938565527, 6337.586270930623],
        [5198.49998294972, 10401.02372478565],
        [-5720.6326824472935, -14745.667898301548],
        [18821.403957855102, 9926.248284744912],
        [-4318.486550842015, -4822.147181129933]
    ],
    "demands": [0, 5, 7, 83, 3, 7, 2, 9, 6, 5, 8, 3, 3, 56, 4, 82, 7, 6, 2, 3, 10, 4, 6, 100, 1, 4, 1, 67, 85, 1, 2, 9, 74, 1, 10, 6, 10, 5, 8, 66, 75, 6, 8, 10, 6, 10, 7, 7, 5, 5, 3, 8, 6, 9, 5, 7, 4, 10, 4, 10, 66, 6, 84, 6, 91, 3, 51, 64, 1, 88, 6, 10, 5, 10, 4, 8, 8, 8, 8, 4, 5, 53, 8, 5, 2, 2, 5, 2, 7, 9, 4, 2, 6, 1, 1, 2, 4, 9, 3, 3, 4],
    "depot": 0,
    "arc_costs": [
        [0, 10174, 8306, 13951, 7408, 11499, 3646, 13293, 2578, 3430, 21347, 17664, 9841, 4688, 2853, 3682, 6490, 25856, 8577, 17032, 2858, 7518, 4274, 5172, 3498, 17547, 24871, 29113, 14695, 2354, 10004, 27712, 11954, 10276, 1198, 4132, 7419, 4423, 2113, 3008, 9499, 1957, 8205, 7433, 24614, 5418, 6311, 15109, 3791, 6246, 10037, 10702, 8393, 4732, 27738, 15758, 5598, 24086, 3260, 6856, 8524, 5389, 9448, 3573, 26342, 13985, 4698, 19271, 7592, 9401, 5665, 3711, 19666, 9573, 13312, 7820, 8333, 6028, 3769, 3356, 14159, 13877, 13133, 18918, 16786, 24049, 6570, 5748, 3716, 9902, 8435, 2422, 10455, 10907, 3965, 11821, 10461, 12425, 15480, 22957, 5603],
        [10174, 0, 7194, 15190, 14838, 3755, 7102, 9025, 11575, 11053, 26564, 24040, 5059, 7491, 10667, 7388, 10385, 35311, 5112, 21487, 8293, 11347, 7476, 15247, 13433, 23958, 34759, 39002, 18565, 10953, 18536, 17907, 21752, 4136, 8987, 11864, 17505, 14591, 8723, 7896, 17227, 8339, 18274, 17516, 14550, 14867, 10166, 9644, 12774, 13501, 18961, 12208, 5853, 14898, 34991, 25406, 14899, 33905, 11049, 12660, 9099, 12006, 17186, 12582, 33277, 18181, 12068, 29397, 4172, 1314, 14663, 7244, 29456, 13932, 11583, 17723, 9170, 5829, 12284, 7271, 15532, 7759, 17412, 23740, 23016, 33738, 5090, 15768, 7101, 3872, 3202, 7753, 4728, 1830, 14089, 13653, 4287, 8558, 21858, 13271, 14195],
        [8306, 7194, 0, 19540, 15441, 10713, 7906, 15315, 10780, 11155, 29046, 25669, 10942, 9375, 10560, 8349, 12702, 33822, 10224, 14308, 8633, 13885, 9014, 11877, 11658, 25559, 32426, 34016, 21675, 10370, 12897, 21135, 19861, 10483, 7392, 7156, 15087, 12007, 8445, 8290, 17684, 7611, 15869, 15106, 20414, 13695, 12458, 16389, 12060, 7889, 13583, 16163, 1355, 12295, 35995, 20372, 13895, 28880, 11040, 6497, 13064, 12925, 17634, 8508, 34546, 21082, 7027, 25310, 3235, 7635, 13969, 8192, 24493, 16470, 5531, 15765, 13003, 8886, 11918, 7785, 19836, 14582, 20228, 16568, 24735, 28509, 2994, 12180, 7994, 10083, 4012, 6772, 3615, 8958, 11063, 17580, 10688, 14639, 14983, 19819, 9295],
        [13951, 15190, 19540, 0, 9298, 12443, 11923, 7891, 12115, 10776, 12382, 11505, 10217, 10336, 11233, 11523, 7477, 26754, 10118, 30975, 11686, 6443, 10763, 16969, 13727, 11490, 28001, 37977, 4681, 11899, 23175, 30726, 17146, 11289, 13860, 18082, 16044, 15359, 12260, 11863, 10029, 13018, 16357, 16032, 23738, 12826, 7674, 9341, 11857, 20183, 22862, 3403, 18720, 15476, 22141, 26646, 12514, 33599, 10960, 20740, 6496, 9067, 10036, 17323, 20172, 4871, 18646, 27484, 16758, 13910, 11885, 11648, 29688, 5145, 25050, 15218, 6541, 10677, 11293, 12139, 352, 10181, 4675, 32865, 10542, 34008, 16578, 17566, 11820, 11428, 16669, 13603, 19188, 13977, 16003, 2130, 11213, 7673, 29281, 20726, 19259],
        [7408, 14838, 15441, 9298, 0, 14263, 8122, 13002, 4836, 4297, 13974, 10271, 11787, 7354, 4884, 7722, 4922, 20766, 10738, 23459, 7056, 4612, 7423, 8231, 5303, 10156, 20856, 28971, 8087, 5118, 14537, 32670, 8463, 12758, 8093, 10961, 6757, 6626, 7051, 7462, 2398, 7854, 7061, 6745, 27782, 3738, 5058, 15026, 3778, 12736, 14052, 7267, 15239, 6652, 20642, 17352, 3390, 24433, 4404, 13834, 7637, 2835, 2355, 9722, 19127, 7295, 11534, 18476, 13892, 13646, 2790, 7889, 20430, 4177, 20666, 5928, 7410, 9037, 3642, 8092, 9345, 14654, 6532, 25076, 9380, 24784, 13121, 8753, 8077, 12573, 14415, 8703, 16851, 14690, 7543, 7507, 12846, 12233, 21059, 25409, 11307],
        [11499, 3755, 10713, 12443, 14263, 0, 7903, 5448, 12142, 11234, 24426, 22404, 2561, 7498, 11028, 7995, 9384, 35028, 3529, 24866, 8958, 10051, 7707, 16657, 14248, 22339, 34932, 40601, 16348, 11513, 20874, 18821, 22044, 1507, 10432, 14158, 18292, 15681, 9597, 8651, 16539, 9542, 19007, 18298, 13597, 15231, 9222, 5892, 13133, 16047, 21148, 9903, 9418, 15970, 33436, 27231, 15175, 35584, 11292, 15495, 7209, 11584, 16506, 14542, 31616, 16095, 14478, 30617, 7514, 3083, 14801, 7911, 31164, 12337, 15331, 18264, 7364, 5726, 12526, 8172, 12793, 4005, 15412, 27091, 21366, 35540, 8177, 17243, 7852, 1724, 6723, 9247, 8483, 1959, 15435, 11244, 1443, 5135, 24882, 11557, 16384],
        [3646, 7102, 7906, 11923, 8122, 7903, 0, 9844, 4482, 4018, 21224, 18057, 6201, 1595, 3581, 446, 4800, 28245, 4944, 19484, 1191, 5984, 1161, 8764, 6444, 17956, 27662, 32701, 13770, 3856, 13487, 24980, 14655, 6639, 2729, 7063, 10530, 7794, 1708, 799, 10506, 1732, 11278, 10539, 21227, 7766, 4557, 11577, 5673, 9185, 13603, 8523, 7394, 8088, 28717, 19399, 7799, 27697, 3990, 9257, 5711, 5347, 10460, 7002, 27139, 13179, 7533, 22738, 5823, 6114, 7580, 287, 23288, 8568, 13415, 10658, 5579, 2403, 5203, 306, 12192, 10266, 12326, 21526, 17083, 27680, 5188, 9359, 107, 6274, 6294, 1853, 8759, 7508, 7538, 9869, 6821, 8990, 18484, 19425, 8991],
        [13293, 9025, 15315, 7891, 13002, 5448, 9844, 0, 12838, 11557, 20265, 18986, 4375, 8606, 11639, 9677, 8392, 33170, 5265, 28867, 10436, 8397, 9023, 17993, 14993, 18948, 33725, 41404, 12363, 12305, 23284, 22865, 21430, 4958, 12551, 16895, 18624, 16658, 11181, 10322, 14865, 11539, 19210, 18623, 15964, 15233, 8367, 2030, 13388, 18996, 23326, 6478, 14145, 16896, 29871, 28654, 15056, 36591, 11688, 18878, 5494, 10967, 14846, 16804, 27941, 12324, 17345, 31041, 12102, 8008, 14526, 9691, 32306, 9734, 20373, 18245, 5733, 7517, 12709, 10149, 8232, 2292, 11821, 31009, 17969, 36737, 12439, 18626, 9750, 5311, 11561, 11647, 13679, 7354, 16788, 7399, 4778, 873, 28248, 13097, 18816],
        [2578, 11575, 10780, 12115, 4836, 12142, 4482, 12838, 0, 1393, 18793, 15087, 10076, 4672, 1202, 4249, 4955, 23862, 8821, 19121, 3300, 5741, 4436, 5223, 2178, 14970, 23185, 28722, 12346, 634, 11134, 29414, 10178, 10753, 3395, 6310, 6151, 3821, 2876, 3684, 6936, 3464, 6867, 6157, 25633, 3304, 4851, 14788, 1308, 8266, 10931, 9082, 10739, 4062, 25218, 15819, 3377, 23822, 1222, 9161, 7554, 3120, 6886, 5288, 23795, 11609, 6892, 18544, 9674, 10593, 3278, 4373, 19494, 7378, 15878, 6186, 7328, 6417, 1194, 4304, 12284, 13832, 10770, 20894, 14211, 23923, 8755, 5858, 4494, 10440, 10384, 4275, 12620, 11952, 4078, 10009, 10907, 11970, 17177, 23696, 7159],
        [3430, 11053, 11155, 10776, 4297, 11234, 4018, 11557, 1393, 0, 18039, 14520, 9035, 3754, 609, 3679, 3563, 24259, 7808, 20336, 2863, 4370, 3631, 6595, 3450, 14409, 23811, 29906, 11266, 1139, 12520, 28958, 10843, 9797, 3872, 7452, 7191, 5142, 2760, 3278, 6611, 3557, 7855, 7194, 24805, 3997, 3462, 13529, 1919, 9484, 12323, 7701, 10945, 5362, 24926, 17131, 3949, 25048, 184, 10252, 6205, 1959, 6563, 6560, 23424, 10556, 8032, 19646, 9652, 9975, 3631, 3833, 20750, 6172, 16439, 7043, 5976, 5554, 1293, 3927, 10955, 12654, 9704, 22153, 13598, 25181, 8842, 7229, 3997, 9514, 10242, 4407, 12618, 11234, 5466, 8660, 9935, 10694, 18505, 22751, 8483],
        [21347, 26564, 29046, 12382, 13974, 24426, 21224, 20265, 18793, 18039, 0, 4407, 21980, 19937, 18648, 20780, 16571, 18455, 21518, 36997, 20414, 15446, 20210, 21437, 19068, 4544, 21271, 34900, 8078, 19010, 27360, 43033, 16253, 23099, 21910, 24893, 18606, 20014, 20634, 20765, 12248, 21484, 18362, 18583, 36090, 17086, 16816, 21690, 17740, 26552, 26622, 14528, 28618, 19928, 10203, 27396, 16747, 31725, 18183, 27760, 17485, 16161, 12297, 23577, 8154, 8388, 25459, 25387, 26959, 25252, 16326, 20946, 28950, 12780, 34446, 17410, 17400, 21085, 17603, 21303, 12048, 22551, 9155, 38397, 4886, 32552, 26411, 21801, 21148, 23140, 27211, 22300, 29782, 25693, 21093, 13191, 23071, 19990, 34096, 33022, 24953],
        [17664, 24040, 25669, 11505, 10271, 22404, 18057, 18986, 15087, 14520, 4407, 0, 19863, 16942, 15121, 17623, 13704, 16034, 19192, 32788, 17120, 12694, 17148, 17245, 15087, 138, 18205, 31015, 6832, 15388, 23047, 41219, 11859, 20975, 18358, 20969, 14287, 15887, 17229, 17501, 8256, 18059, 14007, 14263, 34943, 13028, 13936, 20680, 13935, 22513, 22284, 12679, 25381, 15777, 11032, 23010, 12704, 27608, 14643, 23809, 15216, 12771, 8306, 19589, 9245, 6697, 21520, 21235, 23876, 22747, 12346, 17793, 24674, 10138, 30935, 13088, 15082, 18316, 13897, 18089, 11233, 21194, 7169, 34127, 1038, 28385, 23210, 17573, 17992, 20942, 24257, 18901, 26787, 23416, 16994, 11591, 20985, 18540, 29785, 32060, 20844],
        [9841, 5059, 10942, 10217, 11787, 2561, 6201, 4375, 10076, 9035, 21980, 19863, 0, 5417, 8909, 6176, 6879, 32545, 1272, 24593, 7089, 7500, 5718, 14889, 12235, 19796, 32548, 38751, 13907, 9464, 19618, 21374, 19737, 1122, 8902, 13018, 16198, 13768, 7795, 6854, 14030, 7928, 16882, 16203, 16000, 13014, 6730, 5668, 10953, 15046, 19781, 7457, 9784, 14043, 30894, 25569, 12926, 33794, 9115, 14757, 4654, 9176, 13998, 13156, 29085, 13618, 13414, 28619, 7736, 3860, 12510, 6132, 29410, 9780, 16058, 16072, 4805, 3816, 10316, 6499, 10564, 4124, 12914, 26762, 18826, 33819, 8070, 15499, 6127, 1213, 7243, 7831, 9493, 3768, 13658, 8845, 1124, 3716, 24178, 13754, 15104],
        [4688, 7491, 9375, 10336, 7354, 7498, 1595, 8606, 4672, 3754, 19937, 16942, 5417, 0, 3533, 1233, 3380, 27892, 4154, 21031, 1831, 4546, 461, 9533, 6821, 16848, 27550, 33339, 12336, 4053, 14686, 25368, 14595, 6086, 4029, 8462, 10816, 8358, 2576, 1770, 9749, 3030, 11519, 10821, 21054, 7742, 3134, 10441, 5638, 10605, 14721, 6934, 8755, 8630, 27741, 20233, 7702, 28396, 3800, 10781, 4139, 4520, 9707, 8221, 26105, 11777, 8961, 23210, 7023, 6330, 7366, 1331, 24026, 7189, 14902, 10767, 3997, 1802, 5044, 1838, 10608, 9296, 10933, 23053, 15947, 28444, 6541, 10154, 1490, 5784, 7321, 3386, 9870, 7507, 8307, 8293, 6238, 7738, 19919, 19040, 10244],
        [2853, 10667, 10560, 11233, 4884, 11028, 3581, 11639, 1202, 609, 18648, 15121, 8909, 3533, 0, 3279, 3897, 24664, 7662, 19818, 2398, 4798, 3343, 6392, 3377, 15010, 24131, 29916, 11846, 707, 12173, 28558, 11137, 9618, 3263, 6919, 7292, 5020, 2203, 2811, 7176, 2975, 7988, 7297, 24563, 4248, 3766, 13587, 2133, 8976, 12020, 8093, 10370, 5263, 25499, 17015, 4246, 25022, 480, 9697, 6387, 2550, 7127, 6091, 24007, 11142, 7496, 19716, 9116, 9625, 4001, 3423, 20695, 6723, 15833, 7242, 6166, 5311, 1622, 3459, 11423, 12635, 10288, 21656, 14202, 25125, 8283, 7027, 3572, 9316, 9735, 3826, 12081, 10930, 5220, 9109, 9766, 10771, 18061, 22572, 8048],
        [3682, 7388, 8349, 11523, 7722, 7995, 446, 9677, 4249, 3679, 20780, 17623, 6176, 1233, 3279, 0, 4360, 27931, 4907, 19800, 968, 5544, 777, 8726, 6277, 17523, 27400, 32639, 13328, 3617, 13616, 25286, 14398, 6684, 2877, 7280, 10352, 7687, 1624, 679, 10111, 1865, 11090, 10360, 21400, 7503, 4117, 11451, 5397, 9416, 13699, 8126, 7839, 7976, 28299, 19395, 7520, 27652, 3665, 9554, 5371, 4932, 10066, 7131, 26715, 12735, 7767, 22623, 6253, 6356, 7275, 171, 23254, 8124, 13856, 10435, 5229, 2361, 4896, 616, 11788, 10196, 11881, 21826, 16647, 27656, 5632, 9331, 370, 6334, 6702, 2154, 9182, 7704, 7496, 9459, 6858, 8816, 18726, 19541, 9139],
        [6490, 10385, 12702, 7477, 4922, 9384, 4800, 8392, 4955, 3563, 16571, 13704, 6879, 3380, 3897, 4360, 0, 25666, 5882, 23501, 4298, 1185, 3697, 10139, 6931, 13616, 25757, 33047, 8975, 4599, 16064, 27988, 13136, 7878, 6399, 10618, 10277, 8638, 4811, 4541, 7156, 5604, 10836, 10274, 22864, 6863, 247, 10415, 5157, 12734, 15884, 4221, 12129, 8833, 24612, 20559, 6672, 28288, 3734, 13264, 2898, 2575, 7123, 9940, 22919, 8401, 11179, 22656, 10397, 9117, 6134, 4514, 24063, 3809, 18215, 9855, 2660, 4613, 4486, 4947, 7700, 9838, 7555, 25406, 12691, 28488, 9914, 10770, 4710, 7722, 10648, 6266, 13214, 9978, 9026, 5351, 7955, 7566, 21917, 20496, 11925],
        [25856, 35311, 33822, 26754, 20766, 35028, 28245, 33170, 23862, 24259, 18455, 16034, 32545, 27892, 24664, 27931, 25666, 0, 31502, 34271, 27059, 25157, 27853, 22097, 22359, 15986, 4264, 19621, 22370, 24454, 24684, 53216, 13964, 33523, 26994, 26994, 18741, 21816, 26732, 27467, 18532, 27301, 17966, 18721, 48519, 20573, 25816, 35107, 22599, 27360, 23633, 26743, 34160, 21528, 12178, 19605, 20487, 18616, 24266, 29077, 28202, 23486, 18561, 25493, 13146, 21961, 27330, 14092, 33433, 34210, 20665, 28080, 18313, 23437, 37831, 18087, 27994, 29663, 23043, 28111, 26554, 35102, 22081, 34618, 16739, 19832, 32426, 21932, 28235, 33335, 34215, 28070, 36310, 35376, 22778, 26131, 33611, 32516, 30185, 46035, 25464],
        [8577, 5112, 10224, 10118, 10738, 3529, 4944, 5265, 8821, 7808, 21518, 19192, 1272, 4154, 7662, 4907, 5882, 31502, 0, 23602, 5817, 6627, 4447, 13617, 10974, 19118, 31418, 37482, 13485, 8206, 18391, 22158, 18561, 2032, 7656, 11827, 14953, 12499, 6525, 5586, 13028, 6674, 15644, 14958, 17109, 11798, 5710, 6768, 9723, 13879, 18538, 7099, 9149, 12775, 30206, 24299, 11722, 32523, 7882, 13659, 4036, 8058, 12994, 11919, 28433, 13131, 12239, 27362, 7094, 3809, 11322, 4867, 28138, 9057, 15501, 14851, 4137, 2549, 9095, 5244, 10456, 5336, 12386, 25748, 18157, 32548, 7275, 14228, 4867, 1841, 6759, 6610, 9170, 4225, 12387, 8542, 2145, 4498, 23062, 14949, 13880],
        [17032, 21487, 14308, 30975, 23459, 24866, 19484, 28867, 19121, 20336, 36997, 32788, 24593, 21031, 19818, 19800, 23501, 34271, 23602, 0, 19410, 24549, 20571, 15561, 18157, 32654, 31298, 26187, 31413, 19199, 10078, 32265, 22428, 24387, 17165, 12906, 18608, 17011, 18772, 19315, 24795, 18080, 19034, 18633, 33942, 19977, 23310, 30245, 19799, 10857, 11043, 27682, 15660, 17078, 40849, 15180, 20327, 21619, 20154, 10270, 25167, 22232, 24748, 13844, 39998, 30652, 12336, 21359, 17382, 21795, 20814, 19718, 18285, 26491, 11899, 19795, 25015, 21516, 20170, 19210, 31189, 28549, 29832, 2276, 32131, 20704, 16700, 15215, 19589, 23966, 18288, 17647, 17507, 23214, 15973, 28847, 24601, 28083, 4244, 33827, 12154],
        [2858, 8293, 8633, 11686, 7056, 8958, 1191, 10436, 3300, 2863, 20414, 17120, 7089, 1831, 2398, 968, 4298, 27059, 5817, 19410, 0, 5461, 1420, 7800, 5310, 17015, 26473, 31692, 13148, 2671, 12856, 26169, 13468, 7634, 2269, 6699, 9387, 6729, 745, 416, 9422, 1337, 10127, 9395, 22365, 6576, 4072, 12258, 4483, 8848, 12894, 8322, 8262, 7016, 27690, 18486, 6608, 26715, 2821, 9141, 5811, 4353, 9375, 6394, 26143, 12517, 7218, 21660, 6836, 7293, 6394, 1076, 22324, 7917, 14077, 9484, 5641, 3290, 4018, 1065, 11932, 11065, 11658, 21391, 16163, 26731, 6096, 8412, 1195, 7289, 7387, 1975, 9796, 8662, 6570, 9583, 7804, 9568, 18157, 20506, 8420],
        [7518, 11347, 13885, 6443, 4612, 10051, 5984, 8397, 5741, 4370, 15446, 12694, 7500, 4546, 4798, 5544, 1185, 25157, 6627, 24549, 5461, 0, 4876, 10808, 7556, 12612, 25432, 33267, 7795, 5475, 16871, 28785, 13037, 8557, 7512, 11647, 10581, 9250, 5942, 5717, 6636, 6752, 11077, 10576, 23377, 7163, 1428, 10424, 5708, 13742, 16634, 3351, 13300, 9416, 23656, 21031, 6925, 28583, 4551, 14340, 3057, 2906, 6610, 10888, 21931, 7231, 12215, 22820, 11548, 10058, 6338, 5698, 24423, 2667, 19399, 10035, 2842, 5662, 5073, 6131, 6644, 10059, 6389, 26425, 11672, 28835, 11086, 11428, 5893, 8447, 11767, 7434, 14339, 10812, 9750, 4315, 8609, 7621, 22857, 20895, 12840],
        [4274, 7476, 9014, 10763, 7423, 7707, 1161, 9023, 4436, 3631, 20210, 17148, 5718, 461, 3343, 777, 3697, 27853, 4447, 20571, 1420, 4876, 0, 9187, 6555, 17051, 27440, 33036, 12671, 3807, 14262, 25378, 14463, 6329, 3579, 8008, 10586, 8054, 2162, 1319, 9821, 2576, 11302, 10592, 21221, 7585, 3451, 10838, 5471, 10150, 14311, 7363, 8437, 8332, 27901, 19882, 7565, 28078, 3656, 10321, 4597, 4594, 9778, 7789, 26285, 12097, 8505, 22944, 6758, 6359, 7261, 887, 23698, 7495, 14535, 10582, 4453, 1982, 4907, 1388, 11031, 9655, 11248, 22593, 16160, 28111, 6222, 9804, 1059, 6007, 7113, 2928, 9641, 7605, 7958, 8708, 6489, 8157, 19463, 19262, 9809],
        [5172, 15247, 11877, 16969, 8231, 16657, 8764, 17993, 5223, 6595, 21437, 17245, 14889, 9533, 6392, 8726, 10139, 22097, 13617, 15561, 7800, 10808, 9187, 0, 3258, 17111, 20550, 23946, 16317, 5704, 6312, 32435, 8268, 15399, 6306, 4898, 3527, 1626, 7102, 8050, 9266, 7124, 4225, 3551, 29751, 4536, 10053, 19908, 5128, 5616, 5900, 14153, 12421, 1583, 25999, 10701, 4892, 18933, 6435, 7218, 12774, 7952, 9220, 3405, 24909, 15523, 5255, 14151, 12187, 14543, 5453, 8786, 14529, 11935, 15772, 4553, 12550, 11083, 5738, 8488, 17094, 18829, 14762, 17010, 16572, 18932, 11073, 635, 8823, 15037, 13157, 7542, 14786, 16066, 1231, 14927, 15578, 17122, 12864, 28128, 3750],
        [3498, 13433, 11658, 13727, 5303, 14248, 6444, 14993, 2178, 3450, 19068, 15087, 12235, 6821, 3377, 6277, 6931, 22359, 10974, 18157, 5310, 7556, 6555, 3258, 0, 14960, 21418, 26546, 13328, 2773, 9471, 31139, 8466, 12883, 4653, 5889, 4088, 1707, 4748, 5654, 6844, 5108, 4845, 4098, 27669, 2134, 6862, 16954, 1873, 7490, 9136, 10898, 11849, 1913, 24669, 13682, 2416, 21645, 3310, 8723, 9652, 4694, 6794, 4512, 23381, 12550, 6435, 16392, 11086, 12533, 2747, 6381, 17322, 8735, 16366, 4342, 9422, 8532, 2484, 6222, 13859, 16010, 11753, 19782, 14302, 21753, 10068, 3874, 6474, 12558, 11908, 5793, 13951, 13951, 2307, 11674, 13043, 14128, 15829, 25803, 6004],
        [17547, 23958, 25559, 11490, 10156, 22339, 17956, 18948, 14970, 14409, 4544, 138, 19796, 16848, 15010, 17523, 13616, 15986, 19118, 32654, 17015, 12612, 17051, 17111, 14960, 0, 18130, 30904, 6821, 15273, 22911, 41156, 11725, 20908, 18244, 20843, 14150, 15756, 17121, 17398, 8131, 17950, 13870, 14127, 34902, 12899, 13848, 20649, 13815, 22384, 22147, 12628, 25276, 15645, 11098, 22875, 12576, 27488, 14532, 23683, 15148, 12665, 8182, 19461, 9322, 6670, 21394, 21113, 23776, 22666, 12220, 17693, 24546, 10063, 30821, 12952, 15013, 18228, 13780, 17987, 11221, 21151, 7128, 33991, 982, 28262, 23107, 17439, 17892, 20872, 24162, 18792, 26689, 23342, 16863, 11551, 20918, 18496, 29649, 32025, 20713],
        [24871, 34759, 32426, 28001, 20856, 34932, 27662, 33725, 23185, 23811, 21271, 18205, 32548, 27550, 24131, 27400, 25757, 4264, 31418, 31298, 26473, 25432, 27440, 20550, 21418, 18130, 0, 15390, 23934, 23807, 22142, 52554, 13008, 33448, 26054, 25371, 17485, 20576, 26045, 26865, 18861, 26508, 16693, 17469, 48526, 19898, 25872, 35721, 22004, 25421, 21093, 27473, 32920, 20272, 16203, 16272, 19886, 14418, 23786, 27150, 28481, 23373, 18880, 23936, 16956, 23411, 25632, 10379, 32437, 33754, 20185, 27535, 14472, 24089, 35981, 17078, 28258, 29350, 22536, 27488, 27846, 35490, 23378, 31442, 18732, 15653, 31373, 20274, 27668, 33212, 33305, 27211, 35206, 35044, 21408, 27075, 33559, 33003, 27120, 46251, 23588],
        [29113, 39002, 34016, 37977, 28971, 40601, 32701, 41404, 28722, 29906, 34900, 31015, 38751, 33339, 29916, 32639, 33047, 19621, 37482, 26187, 31692, 33267, 33036, 23946, 26546, 30904, 15390, 0, 35011, 29314, 21146, 55121, 20848, 39322, 30221, 27306, 22781, 24984, 31020, 31970, 27951, 31068, 22214, 22782, 53550, 26185, 33052, 43405, 28031, 26138, 20434, 36232, 35017, 24710, 31505, 13678, 26382, 5138, 29792, 27557, 35931, 30487, 27943, 26428, 32065, 34300, 27234, 10504, 35454, 38414, 26945, 32710, 9569, 33069, 35371, 23232, 35693, 34980, 28708, 32430, 37942, 42549, 33939, 25206, 31183, 5637, 34332, 23366, 32756, 38969, 36511, 31444, 37518, 39966, 25166, 36410, 39495, 40555, 22247, 52058, 24971],
        [14695, 18565, 21675, 4681, 8087, 16348, 13770, 12363, 12346, 11266, 8078, 6832, 13907, 12336, 11846, 13328, 8975, 22370, 13485, 31413, 13148, 7795, 12671, 16317, 13328, 6821, 23934, 35011, 0, 12371, 22619, 34997, 14298, 15026, 14985, 18655, 14468, 14712, 13520, 13445, 7634, 14366, 14563, 14450, 28309, 11802, 9221, 13951, 11617, 20587, 22108, 6452, 21089, 14736, 17520, 24774, 11449, 30953, 11438, 21494, 9467, 9309, 7663, 17577, 15579, 804, 19237, 24649, 19301, 17252, 10867, 13484, 27352, 5232, 27181, 13424, 9401, 13268, 11252, 13902, 4402, 14624, 1581, 33098, 5886, 31506, 18877, 16832, 13682, 15074, 19443, 15115, 22019, 17633, 15606, 5123, 14995, 12012, 29137, 25349, 19296],
        [2354, 10953, 10370, 11899, 5118, 11513, 3856, 12305, 634, 1139, 19010, 15388, 9464, 4053, 707, 3617, 4599, 24454, 8206, 19199, 2671, 5475, 3807, 5704, 2773, 15273, 23807, 29314, 12371, 0, 11468, 28805, 10801, 10129, 2986, 6319, 6779, 4370, 2279, 3059, 7314, 2923, 7499, 6786, 24999, 3916, 4471, 14241, 1860, 8346, 11314, 8785, 10270, 4624, 25630, 16351, 3970, 24400, 956, 9131, 7085, 3067, 7265, 5427, 24178, 11651, 6899, 19157, 9138, 9963, 3824, 3742, 20059, 7304, 15549, 6819, 6865, 5789, 1556, 3685, 12083, 13251, 10802, 21015, 14491, 24486, 8246, 6339, 3865, 9813, 9821, 3756, 12093, 11319, 4523, 9779, 10285, 11434, 17385, 23068, 7366],
        [10004, 18536, 12897, 23175, 14537, 20874, 13487, 23284, 11134, 12520, 27360, 23047, 19618, 14686, 12173, 13616, 16064, 24684, 18391, 10078, 12856, 16871, 14262, 6312, 9471, 22911, 22142, 21146, 22619, 11468, 0, 33976, 12350, 19865, 10759, 6728, 8761, 7933, 12112, 12963, 15405, 11765, 9085, 8785, 32904, 10819, 15939, 25061, 11330, 5104, 1053, 20216, 13960, 7887, 30772, 7608, 11174, 16019, 12343, 6415, 18445, 14110, 15362, 6487, 29941, 21823, 6472, 13214, 14648, 18217, 11752, 13614, 11690, 18205, 14622, 9960, 18239, 15882, 11882, 13182, 23318, 23727, 21068, 11134, 22474, 15614, 13565, 5788, 13575, 19458, 15724, 11788, 16448, 19808, 7176, 21097, 20067, 22418, 6739, 31807, 4515],
        [27712, 17907, 21135, 30726, 32670, 18821, 24980, 22865, 29414, 28958, 43033, 41219, 21374, 25368, 28558, 25286, 27988, 53216, 22158, 32265, 26169, 28785, 25378, 32435, 31139, 41156, 52554, 55121, 34997, 28805, 33976, 0, 39566, 20273, 26520, 28126, 35130, 32090, 26540, 25764, 35038, 26048, 35917, 35144, 9084, 32718, 27795, 21768, 30647, 29023, 34704, 28624, 20235, 32399, 52250, 41502, 32771, 49990, 28950, 27565, 26027, 29857, 35000, 29290, 50413, 34817, 28087, 46343, 20252, 19039, 32558, 25138, 45620, 31152, 20552, 35476, 26176, 23638, 30179, 25126, 31072, 20578, 34174, 34370, 40181, 49575, 21363, 32860, 24987, 20346, 19312, 25347, 17755, 18013, 31398, 29878, 20250, 23060, 34637, 12209, 30375],
        [11954, 21752, 19861, 17146, 8463, 22044, 14655, 21430, 10178, 10843, 16253, 11859, 19737, 14595, 11137, 14398, 13136, 13964, 18561, 22428, 13468, 13037, 14463, 8268, 8466, 11725, 13008, 20848, 14298, 10801, 12350, 39566, 0, 20580, 13118, 13138, 4804, 7855, 13040, 13859, 7120, 13521, 4053, 4783, 35635, 6895, 13214, 23459, 9006, 13775, 11406, 15656, 20202, 7570, 18423, 11153, 6899, 16657, 10808, 15440, 15989, 10623, 7115, 11614, 17642, 13552, 13520, 10390, 19546, 20753, 7244, 14531, 13150, 12361, 24032, 4139, 15754, 16396, 9558, 14481, 17102, 22973, 13132, 23384, 11609, 17218, 18513, 8208, 14662, 20321, 20373, 14245, 22386, 22064, 8842, 15667, 20705, 20640, 18875, 33490, 11862],
        [10276, 4136, 10483, 11289, 12758, 1507, 6639, 4958, 10753, 9797, 23099, 20975, 1122, 6086, 9618, 6684, 7878, 33523, 2032, 24387, 7634, 8557, 6329, 15399, 12883, 20908, 33448, 39322, 15026, 10129, 19865, 20273, 20580, 0, 9262, 13191, 16901, 14359, 8304, 7354, 15033, 8328, 17605, 16907, 15079, 13792, 7716, 5913, 11705, 15157, 20085, 8575, 9261, 14643, 32005, 26033, 13726, 34331, 9861, 14741, 5761, 10089, 14999, 13456, 30200, 14739, 13551, 29272, 7248, 3052, 13338, 6615, 29926, 10880, 15426, 16837, 5905, 4355, 11087, 6922, 11637, 4162, 14035, 26583, 19938, 34319, 7725, 15997, 6578, 425, 6631, 8120, 8727, 2692, 14171, 9956, 215, 4433, 24165, 12958, 15354],
        [1198, 8987, 7392, 13860, 8093, 10432, 2729, 12551, 3395, 3872, 21910, 18358, 8902, 4029, 3263, 2877, 6399, 26994, 7656, 17165, 2269, 7512, 3579, 6306, 4653, 18244, 26054, 30221, 14985, 2986, 10759, 26520, 13118, 9262, 0, 4438, 8613, 5619, 1608, 2261, 10297, 1013, 9398, 8627, 23451, 6483, 6191, 14303, 4689, 6586, 10883, 10528, 7359, 5928, 28604, 16799, 6633, 25176, 3732, 6899, 8079, 5777, 10247, 4274, 27162, 14308, 4951, 20436, 6440, 8239, 6633, 2861, 20745, 9784, 12580, 8990, 7909, 5127, 4528, 2424, 14093, 12987, 13449, 19131, 17450, 25111, 5448, 6862, 2816, 8876, 7257, 1239, 9335, 9762, 5119, 11742, 9453, 11692, 15898, 21839, 6268],
        [4132, 11864, 7156, 18082, 10961, 14158, 7063, 16895, 6310, 7452, 24893, 20969, 13018, 8462, 6919, 7280, 10618, 26994, 11827, 12906, 6699, 11647, 8008, 4898, 5889, 20843, 25371, 27306, 18655, 6319, 6728, 28126, 13138, 13191, 4438, 0, 8346, 5487, 6001, 6693, 12717, 5433, 9086, 8368, 26336, 7995, 10435, 18573, 7185, 2150, 7098, 14823, 7899, 5717, 30435, 13638, 8297, 22178, 7272, 2874, 12508, 9378, 12666, 1534, 29209, 17918, 583, 18220, 8149, 11495, 8624, 7241, 17737, 13623, 10897, 9231, 12332, 9388, 7436, 6762, 18290, 17141, 17078, 14789, 20169, 21940, 7029, 5102, 7161, 12779, 9209, 5250, 10372, 13086, 4377, 15952, 13397, 16047, 11460, 25120, 2345],
        [7419, 17505, 15087, 16044, 6757, 18292, 10530, 18624, 6151, 7191, 18606, 14287, 16198, 10816, 7292, 10352, 10277, 18741, 14953, 18608, 9387, 10581, 10586, 3527, 4088, 14150, 17485, 22781, 14468, 6779, 8761, 35130, 4804, 16901, 8613, 8346, 0, 3101, 8835, 9738, 6907, 9167, 793, 26, 31751, 3424, 10274, 20628, 5283, 9129, 8021, 13733, 15481, 2802, 22553, 10604, 3659, 18017, 7096, 10744, 13153, 7734, 6870, 6818, 21528, 13664, 8745, 12459, 14955, 16619, 4263, 10461, 13845, 10903, 19243, 1199, 12915, 12567, 5951, 10310, 16099, 19833, 13005, 19857, 13722, 18254, 13888, 3590, 10558, 16590, 15838, 9807, 17728, 18037, 4041, 14183, 17053, 17777, 15499, 29847, 7239],
        [4423, 14591, 12007, 15359, 6626, 15681, 7794, 16658, 3821, 5142, 20014, 15887, 13768, 8358, 5020, 7687, 8638, 21816, 12499, 17011, 6729, 9250, 8054, 1626, 1707, 15756, 20576, 24984, 14712, 4370, 7933, 32090, 7855, 14359, 5619, 5487, 3101, 0, 6089, 7031, 7786, 6281, 3893, 3119, 28979, 2977, 8568, 18605, 3546, 6680, 7522, 12585, 12381, 310, 24988, 11999, 3331, 20043, 4995, 8131, 11347, 6371, 7739, 3964, 23813, 13920, 5956, 14945, 11879, 13779, 3864, 7771, 15691, 10312, 16326, 3794, 11118, 10007, 4181, 7543, 15479, 17613, 13152, 18527, 15174, 20117, 10802, 2207, 7838, 14017, 12781, 6842, 14632, 15251, 1139, 13327, 14527, 15790, 14441, 27217, 4957],
        [2113, 8723, 8445, 12260, 7051, 9597, 1708, 11181, 2876, 2760, 20634, 17229, 7795, 2576, 2203, 1624, 4811, 26732, 6525, 18772, 745, 5942, 2162, 7102, 4748, 17121, 26045, 31020, 13520, 2279, 12112, 26540, 13040, 8304, 1608, 6001, 8835, 6089, 0, 950, 9370, 854, 9589, 8845, 22931, 6179, 4597, 13000, 4137, 8150, 12150, 8922, 8189, 6382, 27686, 17774, 6246, 26030, 2673, 8506, 6510, 4484, 9322, 5654, 26176, 12865, 6530, 21033, 6917, 7788, 6095, 1690, 21630, 8295, 13814, 9002, 6332, 3984, 3762, 1475, 12495, 11793, 12004, 20731, 16291, 26032, 6084, 7708, 1749, 7949, 7559, 1674, 9881, 9206, 5873, 10144, 8479, 10312, 17450, 21129, 7681],
        [3008, 7896, 8290, 11863, 7462, 8651, 799, 10322, 3684, 3278, 20765, 17501, 6854, 1770, 2811, 679, 4541, 27467, 5586, 19315, 416, 5717, 1319, 8050, 5654, 17398, 26865, 31970, 13445, 3059, 12963, 25764, 13859, 7354, 2261, 6693, 9738, 7031, 950, 0, 9831, 1262, 10484, 9747, 22016, 6971, 4308, 12112, 4884, 8837, 13033, 8482, 7886, 7323, 28091, 18717, 7009, 26979, 3236, 9051, 5862, 4741, 9784, 6483, 26538, 12825, 7194, 21973, 6432, 6913, 6803, 741, 22579, 8217, 13754, 9860, 5704, 3040, 4429, 650, 12117, 10871, 11967, 21317, 16540, 26979, 5710, 8654, 820, 7000, 6974, 1742, 9390, 8301, 6821, 9773, 7530, 9458, 18150, 20189, 8498],
        [9499, 17227, 17684, 10029, 2398, 16539, 10506, 14865, 6936, 6611, 12248, 8256, 14030, 9749, 7176, 10111, 7156, 18532, 13028, 24795, 9422, 6636, 9821, 9266, 6844, 8131, 18861, 27951, 7634, 7314, 15405, 35038, 7120, 15033, 10297, 12717, 6907, 7786, 9370, 9831, 0, 10148, 6943, 6888, 29989, 4839, 7319, 16865, 5722, 14311, 14782, 8716, 17544, 7721, 18326, 17148, 4499, 23633, 6700, 15565, 9691, 5232, 51, 11355, 16866, 6838, 13271, 17464, 16251, 16027, 4098, 10278, 19854, 5341, 22810, 5815, 9478, 11417, 5771, 10466, 9993, 16661, 6259, 26275, 7459, 24099, 15453, 9685, 10464, 14868, 16796, 10999, 19214, 17042, 8850, 8583, 15110, 14146, 22085, 27531, 12709],
        [1957, 8339, 7611, 13018, 7854, 9542, 1732, 11539, 3464, 3557, 21484, 18059, 7928, 3030, 2975, 1865, 5604, 27301, 6674, 18080, 1337, 6752, 2576, 7124, 5108, 17950, 26508, 31068, 14366, 2923, 11765, 26048, 13521, 8328, 1013, 5433, 9167, 6281, 854, 1262, 10148, 0, 9939, 9179, 22703, 6729, 5383, 13297, 4764, 7576, 11872, 9658, 7396, 6585, 28473, 17707, 6830, 26043, 3454, 7812, 7114, 5329, 10100, 5278, 26980, 13714, 5933, 21193, 6216, 7499, 6736, 1851, 21622, 9138, 12963, 9432, 6951, 4135, 4463, 1430, 13262, 11998, 12853, 20070, 17125, 26003, 5330, 7704, 1815, 7951, 6923, 851, 9170, 8980, 5911, 10912, 8516, 10679, 16890, 21008, 7278],
        [8205, 18274, 15869, 16357, 7061, 19007, 11278, 19210, 6867, 7855, 18362, 14007, 16882, 11519, 7988, 11090, 10836, 17966, 15644, 19034, 10127, 11077, 11302, 4225, 4845, 13870, 16693, 22214, 14563, 7499, 9085, 35917, 4053, 17605, 9398, 9086, 793, 3893, 9589, 10484, 6943, 9939, 0, 777, 32490, 3978, 10846, 21223, 5938, 9788, 8283, 14165, 16271, 3592, 21994, 10317, 4169, 17509, 7769, 11427, 13725, 8273, 6911, 7563, 21017, 13762, 9470, 11836, 15747, 17376, 4740, 11202, 13403, 11235, 19980, 1152, 13487, 13282, 6594, 11063, 16396, 20470, 13137, 20214, 13491, 17789, 14680, 4218, 11304, 17300, 16628, 10587, 18521, 18784, 4813, 14547, 17753, 18369, 15809, 30557, 7884],
        [7433, 17516, 15106, 16032, 6745, 18298, 10539, 18623, 6157, 7194, 18583, 14263, 16203, 10821, 7297, 10360, 10274, 18721, 14958, 18633, 9395, 10576, 10592, 3551, 4098, 14127, 17469, 22782, 14450, 6786, 8785, 35144, 4783, 16907, 8627, 8368, 26, 3119, 8845, 9747, 6888, 9179, 777, 0, 31760, 3420, 10272, 20628, 5285, 9154, 8044, 13726, 15499, 2821, 22528, 10615, 3653, 18021, 7099, 10768, 13151, 7731, 6851, 6840, 21503, 13647, 8768, 12458, 14970, 16629, 4256, 10469, 13851, 10892, 19265, 1176, 12913, 12574, 5952, 10320, 16087, 19835, 12988, 19881, 13699, 18259, 13904, 3615, 10567, 16596, 15852, 9819, 17745, 18046, 4062, 14173, 17058, 17776, 15523, 29853, 7263],
        [24614, 14550, 20414, 23738, 27782, 13597, 21227, 15964, 25633, 24805, 36090, 34943, 16000, 21054, 24563, 21400, 22864, 48519, 17109, 33942, 22365, 23377, 21221, 29751, 27669, 34902, 48526, 53550, 28309, 24999, 32904, 9084, 35635, 15079, 23451, 26336, 31751, 28979, 22931, 22016, 29989, 22703, 32490, 31760, 0, 28795, 22724, 14403, 26686, 27807, 33405, 22324, 19162, 29281, 45827, 39938, 28753, 48450, 24853, 26724, 20354, 25162, 29959, 27125, 43885, 28287, 26487, 43885, 18257, 15214, 28392, 21291, 44000, 25338, 22197, 31802, 20553, 19257, 26097, 21459, 24062, 13754, 27775, 36198, 33921, 48263, 19347, 30289, 21196, 15320, 17181, 22213, 16825, 13729, 28570, 23353, 14969, 16413, 35307, 3322, 28680],
        [5418, 14867, 13695, 12826, 3738, 15231, 7766, 15233, 3304, 3997, 17086, 13028, 13014, 7742, 4248, 7503, 6863, 20573, 11798, 19977, 6576, 7163, 7585, 4536, 2134, 12899, 19898, 26185, 11802, 3916, 10819, 32718, 6895, 13792, 6483, 7995, 3424, 2977, 6179, 6971, 4839, 6729, 3978, 3420, 28795, 0, 6870, 17246, 2115, 9488, 10316, 10355, 13808, 2955, 22536, 13920, 357, 21440, 3942, 10801, 9749, 4312, 4791, 6572, 21248, 11005, 8529, 15811, 12895, 13859, 957, 7637, 17260, 7691, 18487, 3065, 9511, 9538, 2706, 7600, 12910, 16515, 10259, 21503, 12275, 21674, 11928, 5031, 7771, 13510, 13647, 7506, 15813, 15177, 4013, 10890, 13930, 14392, 17398, 26745, 7871],
        [6311, 10166, 12458, 7674, 5058, 9222, 4557, 8367, 4851, 3462, 16816, 13936, 6730, 3134, 3766, 4117, 247, 25816, 5710, 23310, 4072, 1428, 3451, 10053, 6862, 13848, 25872, 33052, 9221, 4471, 15939, 27795, 13214, 7716, 6191, 10435, 10274, 8568, 4597, 4308, 7319, 5383, 10846, 10272, 22724, 6870, 0, 10385, 5114, 12557, 15773, 4392, 11882, 8769, 24836, 20512, 6690, 28277, 3629, 13066, 2880, 2615, 7285, 9781, 23148, 8648, 10993, 22674, 10151, 8902, 6165, 4270, 24039, 4056, 17972, 9880, 2642, 4383, 4438, 4706, 7902, 9765, 7801, 25223, 12925, 28466, 9667, 10685, 4466, 7550, 10404, 6036, 12970, 9783, 8927, 5552, 7797, 7533, 21756, 20379, 11773],
        [15109, 9644, 16389, 9341, 15026, 5892, 11577, 2030, 14788, 13529, 21690, 20680, 5668, 10441, 13587, 11451, 10415, 35107, 6768, 30245, 12258, 10424, 10838, 19908, 16954, 20649, 35721, 43405, 13951, 14241, 25061, 21768, 23459, 5913, 14303, 18573, 20628, 18605, 13000, 12112, 16865, 13297, 21223, 20628, 14403, 17246, 10385, 0, 15379, 20641, 25144, 8369, 15149, 18850, 31465, 30589, 17074, 38575, 13656, 20413, 7518, 12989, 16847, 18575, 29507, 13987, 18997, 33056, 13154, 8828, 16547, 11448, 34275, 11685, 21202, 20265, 7756, 9196, 14701, 11883, 9662, 1894, 13546, 32422, 19676, 38706, 13630, 20538, 11488, 6322, 12485, 13332, 14372, 7846, 18694, 9156, 5705, 2854, 29826, 11398, 20568],
        [3791, 12774, 12060, 11857, 3778, 13133, 5673, 13388, 1308, 1919, 17740, 13935, 10953, 5638, 2133, 5397, 5157, 22599, 9723, 19799, 4483, 5708, 5471, 5128, 1873, 13815, 22004, 28031, 11617, 1860, 11330, 30647, 9006, 11705, 4689, 7185, 5283, 3546, 4137, 4884, 5722, 4764, 5938, 5285, 26686, 2115, 5114, 15379, 0, 9005, 11008, 9040, 12041, 3709, 23952, 15403, 2126, 23204, 1844, 10059, 7961, 2827, 5671, 5986, 22552, 10853, 7760, 17742, 10978, 11751, 1972, 5535, 18938, 6892, 17097, 5133, 7726, 7429, 681, 5521, 11992, 14551, 10036, 21490, 13085, 23368, 10062, 5739, 5673, 11415, 11676, 5581, 13926, 13063, 4155, 9802, 11846, 12533, 17618, 24661, 7686],
        [6246, 13501, 7889, 20183, 12736, 16047, 9185, 18996, 8266, 9484, 26552, 22513, 15046, 10605, 8976, 9416, 12734, 27360, 13879, 10857, 8848, 13742, 10150, 5616, 7490, 22384, 25421, 26138, 20587, 8346, 5104, 29023, 13775, 15157, 6586, 2150, 9129, 6680, 8150, 8837, 14311, 7576, 9788, 9154, 27807, 9488, 12557, 20641, 9005, 0, 5707, 16947, 8888, 6840, 31597, 12484, 9818, 21001, 9302, 1730, 14657, 11375, 14261, 3020, 30469, 19836, 1653, 17556, 9553, 13266, 10227, 9372, 16605, 15634, 10560, 10166, 14481, 11480, 9336, 8886, 20384, 19167, 19007, 12684, 21761, 20660, 8482, 5575, 9285, 14740, 10630, 7354, 11386, 14851, 5548, 18054, 15367, 18153, 9314, 26766, 1915],
        [10037, 18961, 13583, 22862, 14052, 21148, 13603, 23326, 10931, 12323, 26622, 22284, 19781, 14721, 12020, 13699, 15884, 23633, 18538, 11043, 12894, 16634, 14311, 5900, 9136, 22147, 21093, 20434, 22108, 11314, 1053, 34704, 11406, 20085, 10883, 7098, 8021, 7522, 12150, 13033, 14782, 11872, 8283, 8044, 33405, 10316, 15773, 25144, 11008, 5707, 0, 19985, 14593, 7438, 29826, 6805, 10666, 15298, 12151, 7156, 18361, 13819, 14741, 6631, 29026, 21308, 6919, 12249, 15163, 18574, 11263, 13710, 10918, 17833, 15551, 9213, 18149, 16006, 11592, 13300, 22990, 23868, 20572, 12004, 21740, 14957, 14062, 5324, 13686, 19685, 16235, 11970, 17092, 20164, 6886, 20807, 20283, 22456, 7542, 32217, 4783],
