{
    "instance_name": "C206",
    "instance_origin": "Solomon1987",
    "benchmark_name": "Dimacs2021",
    "num_customers": 100,
    "num_vehicles": 25,
    "vehicle_capacity": 700,
    "coordinates": [
        [40, 50],
        [52, 75],
        [45, 70],
        [62, 69],
        [60, 66],
        [42, 65],
        [16, 42],
        [58, 70],
        [34, 60],
        [28, 70],
        [35, 66],
        [35, 69],
        [25, 85],
        [22, 75],
        [22, 85],
        [20, 80],
        [20, 85],
        [18, 75],
        [15, 75],
        [15, 80],
        [30, 50],
        [30, 56],
        [28, 52],
        [14, 66],
        [25, 50],
        [22, 66],
        [8, 62],
        [23, 52],
        [4, 55],
        [20, 50],
        [20, 55],
        [10, 35],
        [10, 40],
        [8, 40],
        [8, 45],
        [5, 35],
        [5, 45],
        [2, 40],
        [0, 40],
        [0, 45],
        [36, 18],
        [35, 32],
        [33, 32],
        [33, 35],
        [32, 20],
        [30, 30],
        [34, 25],
        [30, 35],
        [36, 40],
        [48, 20],
        [26, 32],
        [25, 30],
        [25, 35],
        [44, 5],
        [42, 10],
        [42, 15],
        [40, 5],
        [38, 15],
        [38, 5],
        [38, 10],
        [35, 5],
        [50, 30],
        [50, 35],
        [50, 40],
        [48, 30],
        [44, 25],
        [47, 35],
        [47, 40],
        [42, 30],
        [45, 35],
        [95, 30],
        [95, 35],
        [53, 30],
        [92, 30],
        [53, 35],
        [45, 65],
        [90, 35],
        [72, 45],
        [78, 40],
        [87, 30],
        [85, 25],
        [85, 35],
        [75, 55],
        [72, 55],
        [70, 58],
        [86, 46],
        [66, 55],
        [64, 46],
        [65, 60],
        [56, 64],
        [60, 55],
        [60, 60],
        [67, 85],
        [42, 58],
        [65, 82],
        [62, 80],
        [62, 40],
        [60, 85],
        [58, 75],
        [55, 80],
        [55, 85]
    ],
    "demands": [0, 10, 30, 10, 10, 10, 20, 20, 20, 10, 10, 10, 20, 30, 10, 40, 40, 20, 20, 10, 10, 20, 20, 10, 10, 40, 10, 10, 20, 10, 10, 20, 30, 40, 20, 10, 10, 20, 30, 20, 10, 10, 20, 10, 10, 10, 30, 10, 10, 10, 10, 10, 10, 20, 40, 10, 30, 40, 30, 10, 20, 10, 20, 50, 10, 10, 10, 10, 10, 10, 30, 20, 10, 10, 50, 20, 10, 10, 20, 10, 10, 30, 20, 10, 20, 30, 10, 20, 30, 10, 10, 10, 20, 40, 10, 30, 10, 30, 20, 10, 20],
    "service_times": [0, 900, 900, 900, 900, 900, 900, 900, 900, 900, 900, 900, 900, 900, 900, 900, 900, 900, 900, 900, 900, 900, 900, 900, 900, 900, 900, 900, 900, 900, 900, 900, 900, 900, 900, 900, 900, 900, 900, 900, 900, 900, 900, 900, 900, 900, 900, 900, 900, 900, 900, 900, 900, 900, 900, 900, 900, 900, 900, 900, 900, 900, 900, 900, 900, 900, 900, 900, 900, 900, 900, 900, 900, 900, 900, 900, 900, 900, 900, 900, 900, 900, 900, 900, 900, 900, 900, 900, 900, 900, 900, 900, 900, 900, 900, 900, 900, 900, 900, 900, 900],
    "time_windows": [
        [0, 33900],
        [2130, 5680],
        [220, 5630],
        [10300, 14630],
        [11540, 15270],
        [150, 4020],
        [3310, 8220],
        [9650, 13400],
        [26530, 32800],
        [23850, 29760],
        [26280, 31130],
        [26030, 29520],
        [19850, 24120],
        [23100, 26590],
        [18460, 23650],
        [20770, 25140],
        [17630, 22640],
        [21430, 26380],
        [15600, 20830],
        [16890, 21440],
        [100, 6450],
        [26750, 32880],
        [120, 5050],
        [15190, 19260],
        [230, 3680],
        [23800, 27870],
        [13300, 19190],
        [930, 4840],
        [12680, 17850],
        [1680, 7870],
        [1700, 5950],
        [5850, 11360],
        [4480, 8970],
        [4990, 10300],
        [11900, 16610],
        [6660, 12450],
        [10760, 15890],
        [7720, 13290],
        [8900, 13950],
        [10360, 14390],
        [16120, 21850],
        [25990, 30760],
        [25290, 29620],
        [24630, 28420],
        [17450, 22400],
        [19320, 24370],
        [18840, 22930],
        [23480, 27710],
        [27150, 31560],
        [8120, 12810],
        [20180, 27250],
        [20150, 25440],
        [22010, 27280],
        [10780, 15930],
        [9980, 14810],
        [8970, 13920],
        [11990, 16600],
        [15520, 20570],
        [12630, 17800],
        [14980, 19210],
        [13250, 19040],
        [2230, 7380],
        [180, 4740],
        [140, 3600],
        [2460, 8990],
        [7040, 11970],
        [3930, 9420],
        [120, 4240],
        [6410, 10700],
        [5340, 9850],
        [21190, 26820],
        [20790, 25320],
        [1310, 6440],
        [21690, 28180],
        [870, 4980],
        [150, 6070],
        [20020, 24190],
        [27010, 32580],
        [25990, 31640],
        [25050, 28700],
        [23690, 28160],
        [25630, 30020],
        [17830, 22260],
        [15910, 22320],
        [15130, 19280],
        [18290, 23880],
        [16040, 20270],
        [29760, 32750],
        [13380, 19130],
        [11160, 17530],
        [27890, 32790],
        [13490, 17120],
        [5180, 10290],
        [80, 5090],
        [5490, 11860],
        [7440, 11770],
        [27130, 32750],
        [3970, 9560],
        [8390, 12760],
        [2720, 7010],
        [3730, 7900]
    ],
    "depot": 0,
    "arc_costs": [
        [0, 277, 206, 290, 256, 151, 252, 269, 116, 233, 167, 196, 380, 308, 393, 360, 403, 333, 353, 390, 100, 116, 121, 305, 150, 240, 341, 171, 363, 200, 206, 335, 316, 335, 323, 380, 353, 392, 412, 403, 322, 186, 193, 165, 310, 223, 257, 180, 107, 310, 228, 250, 212, 451, 400, 350, 450, 350, 450, 400, 452, 223, 180, 141, 215, 253, 165, 122, 200, 158, 585, 570, 238, 557, 198, 158, 522, 323, 392, 510, 514, 474, 353, 323, 310, 461, 264, 243, 269, 212, 206, 223, 442, 82, 406, 372, 241, 403, 308, 335, 380],
        [277, 0, 86, 116, 120, 141, 488, 78, 234, 245, 192, 180, 287, 300, 316, 323, 335, 340, 370, 373, 333, 290, 332, 390, 367, 313, 458, 370, 520, 406, 377, 580, 546, 562, 532, 617, 557, 610, 626, 600, 592, 462, 470, 442, 585, 500, 531, 456, 384, 551, 502, 524, 482, 704, 657, 608, 710, 616, 713, 664, 720, 450, 400, 350, 451, 506, 403, 353, 460, 406, 622, 587, 450, 602, 400, 122, 551, 360, 436, 570, 599, 518, 304, 282, 247, 446, 244, 313, 198, 117, 215, 170, 180, 197, 147, 111, 364, 128, 60, 58, 104],
        [206, 86, 0, 170, 155, 58, 403, 130, 148, 170, 107, 100, 250, 235, 274, 269, 291, 274, 304, 316, 250, 205, 247, 312, 282, 233, 378, 284, 436, 320, 291, 494, 460, 476, 446, 531, 471, 524, 540, 514, 527, 392, 398, 370, 516, 427, 463, 380, 313, 500, 424, 447, 403, 650, 600, 550, 651, 554, 653, 604, 657, 403, 353, 304, 401, 450, 350, 300, 401, 350, 640, 610, 407, 617, 359, 50, 570, 367, 445, 580, 602, 531, 335, 308, 277, 475, 258, 306, 223, 125, 212, 180, 266, 123, 233, 197, 344, 212, 139, 141, 180],
        [290, 116, 170, 0, 36, 203, 533, 41, 294, 340, 271, 270, 403, 404, 430, 434, 449, 444, 473, 482, 372, 345, 380, 480, 415, 401, 544, 425, 596, 460, 442, 621, 595, 612, 590, 663, 618, 666, 684, 664, 572, 458, 470, 446, 574, 504, 521, 466, 389, 509, 516, 537, 502, 664, 622, 575, 676, 590, 683, 636, 694, 408, 360, 313, 414, 475, 371, 326, 438, 380, 510, 473, 400, 492, 351, 174, 440, 260, 331, 463, 496, 410, 191, 172, 136, 332, 145, 230, 94, 78, 141, 92, 167, 228, 133, 110, 290, 161, 72, 130, 174],
        [256, 120, 155, 36, 0, 180, 501, 44, 266, 322, 250, 251, 398, 390, 424, 423, 442, 429, 458, 471, 340, 316, 349, 460, 384, 380, 521, 395, 570, 430, 414, 588, 563, 581, 560, 631, 588, 635, 653, 635, 536, 422, 434, 411, 538, 468, 485, 431, 353, 475, 480, 502, 467, 630, 588, 540, 641, 555, 648, 601, 659, 373, 325, 278, 379, 440, 336, 290, 402, 344, 502, 467, 366, 481, 317, 150, 431, 241, 316, 450, 480, 398, 186, 162, 128, 328, 125, 203, 78, 44, 110, 60, 202, 196, 167, 141, 260, 190, 92, 148, 196],
        [151, 141, 58, 203, 180, 0, 347, 167, 94, 148, 70, 80, 262, 223, 282, 266, 297, 260, 287, 308, 192, 150, 191, 280, 226, 200, 341, 230, 392, 266, 241, 438, 406, 422, 394, 476, 420, 471, 488, 465, 473, 337, 342, 313, 460, 370, 407, 323, 257, 453, 366, 389, 344, 600, 550, 500, 600, 501, 601, 551, 604, 359, 310, 262, 355, 400, 304, 254, 350, 301, 635, 609, 366, 610, 319, 30, 566, 360, 438, 570, 587, 524, 344, 316, 288, 479, 260, 290, 235, 140, 205, 186, 320, 70, 286, 250, 320, 269, 188, 198, 238],
        [252, 488, 403, 533, 501, 347, 0, 504, 254, 304, 306, 330, 439, 335, 434, 382, 431, 330, 330, 380, 161, 197, 156, 240, 120, 247, 215, 122, 176, 89, 136, 92, 63, 82, 85, 130, 114, 141, 161, 162, 312, 214, 197, 183, 272, 184, 247, 156, 200, 388, 141, 150, 114, 464, 412, 374, 441, 348, 430, 388, 415, 360, 347, 340, 341, 327, 317, 310, 286, 298, 799, 793, 388, 769, 376, 370, 743, 560, 620, 720, 710, 693, 604, 574, 563, 701, 516, 481, 522, 456, 458, 475, 667, 305, 632, 596, 460, 615, 534, 544, 580],
        [269, 78, 130, 41, 44, 167, 504, 0, 260, 300, 233, 230, 362, 363, 390, 392, 408, 403, 432, 441, 344, 313, 349, 441, 385, 362, 506, 393, 560, 429, 408, 594, 566, 583, 559, 635, 586, 635, 652, 631, 564, 444, 454, 430, 563, 488, 510, 448, 372, 509, 496, 518, 481, 664, 620, 572, 674, 585, 680, 632, 689, 407, 359, 310, 412, 471, 366, 319, 430, 373, 544, 509, 403, 524, 353, 139, 474, 286, 360, 494, 524, 442, 226, 205, 169, 368, 170, 247, 122, 63, 151, 101, 174, 200, 138, 107, 302, 151, 50, 104, 152],
        [116, 234, 148, 294, 266, 94, 254, 260, 0, 116, 60, 90, 265, 192, 277, 244, 286, 219, 242, 275, 107, 56, 100, 208, 134, 134, 260, 136, 304, 172, 148, 346, 312, 328, 300, 382, 326, 377, 394, 371, 420, 280, 280, 250, 400, 302, 350, 253, 200, 423, 291, 313, 265, 559, 506, 457, 553, 451, 551, 501, 550, 340, 296, 256, 331, 364, 281, 238, 310, 273, 679, 659, 355, 652, 314, 120, 613, 408, 483, 609, 618, 567, 413, 383, 360, 538, 323, 331, 310, 223, 264, 260, 414, 82, 380, 344, 344, 360, 283, 290, 326],
        [233, 245, 170, 340, 322, 148, 304, 300, 116, 0, 80, 70, 152, 78, 161, 128, 170, 111, 139, 164, 200, 141, 180, 145, 202, 72, 215, 186, 283, 215, 170, 393, 349, 360, 320, 418, 339, 396, 410, 375, 526, 386, 383, 353, 501, 400, 453, 350, 310, 538, 380, 401, 351, 669, 616, 567, 660, 559, 657, 608, 653, 456, 413, 372, 447, 477, 398, 355, 423, 389, 780, 755, 471, 754, 430, 177, 711, 506, 583, 712, 726, 668, 493, 464, 436, 627, 408, 432, 383, 286, 353, 335, 417, 184, 388, 354, 453, 353, 304, 287, 308],
        [167, 192, 107, 271, 250, 70, 306, 233, 60, 80, 0, 30, 214, 158, 230, 205, 242, 192, 219, 244, 167, 111, 156, 210, 188, 130, 272, 184, 328, 219, 186, 398, 360, 374, 342, 431, 366, 420, 436, 408, 480, 340, 340, 310, 460, 363, 410, 314, 260, 478, 351, 373, 325, 616, 564, 514, 612, 510, 610, 560, 610, 390, 344, 300, 382, 419, 332, 286, 366, 325, 699, 675, 402, 674, 358, 100, 631, 425, 502, 632, 646, 588, 414, 386, 359, 547, 328, 352, 305, 210, 273, 257, 372, 106, 340, 304, 374, 314, 246, 244, 275],
        [196, 180, 100, 270, 251, 80, 330, 230, 90, 70, 30, 0, 188, 143, 206, 186, 219, 180, 208, 228, 196, 139, 183, 212, 214, 133, 278, 208, 340, 242, 205, 422, 382, 396, 361, 453, 384, 439, 454, 424, 510, 370, 370, 340, 490, 393, 440, 343, 290, 506, 380, 402, 354, 646, 594, 544, 641, 540, 640, 590, 640, 417, 371, 326, 411, 449, 360, 313, 396, 354, 715, 689, 429, 690, 384, 107, 646, 441, 518, 650, 666, 604, 423, 395, 366, 559, 340, 370, 313, 215, 286, 265, 357, 130, 326, 291, 396, 296, 237, 228, 256],
        [380, 287, 250, 403, 398, 262, 439, 362, 265, 152, 214, 188, 0, 104, 30, 70, 50, 122, 141, 111, 353, 294, 331, 219, 350, 192, 286, 330, 366, 353, 304, 522, 474, 481, 434, 538, 447, 505, 514, 471, 678, 539, 536, 506, 653, 552, 606, 502, 463, 689, 530, 550, 500, 822, 769, 720, 813, 711, 810, 761, 806, 604, 559, 514, 596, 629, 546, 500, 575, 538, 890, 860, 617, 866, 573, 282, 820, 617, 695, 828, 848, 781, 583, 557, 524, 724, 508, 551, 471, 374, 460, 430, 420, 319, 401, 373, 582, 350, 344, 304, 300],
        [308, 300, 235, 404, 390, 223, 335, 363, 192, 78, 158, 143, 104, 0, 100, 53, 101, 40, 70, 86, 262, 206, 237, 120, 251, 90, 191, 230, 269, 250, 200, 417, 370, 376, 331, 434, 344, 403, 413, 372, 586, 449, 443, 414, 559, 457, 514, 407, 376, 608, 431, 450, 401, 733, 680, 632, 722, 620, 718, 669, 711, 530, 488, 448, 519, 546, 471, 430, 492, 461, 857, 832, 546, 832, 506, 250, 788, 583, 660, 790, 804, 746, 566, 538, 509, 702, 483, 510, 455, 357, 429, 408, 460, 262, 435, 403, 531, 392, 360, 333, 344],
        [393, 316, 274, 430, 424, 282, 434, 390, 277, 161, 230, 206, 30, 100, 0, 53, 20, 107, 122, 86, 359, 300, 335, 206, 351, 190, 269, 330, 349, 350, 300, 514, 465, 471, 423, 528, 434, 492, 500, 456, 684, 545, 541, 511, 657, 555, 611, 506, 471, 700, 531, 550, 500, 829, 776, 728, 820, 718, 815, 766, 810, 617, 573, 530, 608, 639, 559, 514, 585, 550, 914, 884, 631, 890, 588, 304, 844, 640, 718, 851, 870, 804, 609, 583, 550, 749, 532, 573, 497, 399, 484, 454, 450, 336, 431, 403, 602, 380, 373, 333, 330],
        [360, 323, 269, 434, 423, 266, 382, 392, 244, 128, 205, 186, 70, 53, 53, 0, 50, 53, 70, 50, 316, 260, 291, 152, 304, 141, 216, 281, 296, 300, 250, 460, 412, 417, 370, 474, 380, 438, 447, 403, 640, 502, 497, 468, 611, 509, 567, 460, 430, 662, 483, 502, 452, 787, 733, 686, 776, 674, 771, 722, 764, 583, 540, 500, 573, 600, 524, 482, 546, 514, 901, 874, 599, 876, 558, 291, 832, 626, 704, 836, 851, 790, 604, 576, 546, 742, 523, 556, 492, 393, 471, 447, 472, 311, 450, 420, 580, 403, 383, 350, 353],
        [403, 335, 291, 449, 442, 297, 431, 408, 286, 170, 242, 219, 50, 101, 20, 50, 0, 101, 111, 70, 364, 306, 339, 199, 353, 191, 259, 331, 340, 350, 300, 509, 460, 465, 417, 522, 427, 484, 492, 447, 688, 550, 545, 516, 660, 559, 616, 509, 477, 707, 533, 552, 502, 835, 781, 733, 824, 722, 820, 771, 813, 626, 583, 540, 617, 646, 568, 524, 592, 559, 930, 901, 641, 906, 599, 320, 860, 656, 734, 866, 884, 820, 626, 600, 568, 766, 549, 587, 514, 416, 500, 471, 470, 348, 450, 422, 615, 400, 392, 353, 350],
        [333, 340, 274, 444, 429, 260, 330, 403, 219, 111, 192, 180, 122, 40, 107, 53, 101, 0, 30, 58, 277, 224, 250, 98, 259, 98, 164, 235, 244, 250, 200, 407, 359, 364, 316, 420, 326, 384, 393, 349, 597, 462, 455, 427, 567, 465, 524, 417, 393, 626, 437, 455, 406, 746, 692, 646, 733, 632, 728, 680, 720, 552, 512, 474, 540, 563, 494, 454, 510, 482, 891, 867, 570, 866, 531, 287, 823, 617, 694, 823, 836, 780, 604, 575, 547, 739, 520, 543, 493, 395, 465, 445, 500, 294, 475, 442, 562, 431, 400, 373, 383],
        [353, 370, 304, 473, 458, 287, 330, 432, 242, 139, 219, 208, 141, 70, 122, 70, 111, 30, 0, 50, 291, 242, 264, 90, 269, 114, 147, 243, 228, 254, 206, 403, 353, 356, 308, 412, 316, 373, 380, 335, 607, 474, 466, 438, 575, 474, 534, 427, 408, 641, 443, 460, 412, 757, 703, 657, 743, 642, 736, 689, 728, 570, 531, 494, 558, 578, 512, 474, 524, 500, 917, 894, 588, 891, 551, 316, 850, 644, 720, 849, 860, 806, 632, 604, 575, 766, 547, 569, 522, 424, 492, 474, 529, 319, 504, 472, 586, 460, 430, 403, 412],
        [390, 373, 316, 482, 471, 308, 380, 441, 275, 164, 244, 228, 111, 86, 86, 50, 70, 58, 50, 0, 335, 283, 308, 140, 316, 156, 193, 291, 273, 304, 254, 452, 403, 406, 356, 460, 364, 420, 427, 380, 654, 520, 512, 484, 623, 522, 581, 474, 451, 684, 492, 509, 460, 804, 750, 703, 790, 689, 784, 736, 776, 610, 570, 531, 599, 621, 552, 512, 568, 540, 943, 917, 628, 918, 588, 335, 874, 668, 746, 876, 890, 832, 650, 622, 592, 787, 567, 596, 538, 440, 514, 492, 522, 348, 500, 470, 617, 452, 432, 400, 403],
        [100, 333, 250, 372, 340, 192, 161, 344, 107, 200, 167, 196, 353, 262, 359, 316, 364, 277, 291, 335, 0, 60, 28, 226, 50, 178, 250, 72, 264, 100, 111, 250, 223, 241, 225, 291, 254, 297, 316, 304, 325, 186, 182, 152, 300, 200, 253, 150, 116, 349, 184, 206, 158, 471, 417, 370, 460, 359, 457, 407, 452, 282, 250, 223, 269, 286, 226, 197, 233, 212, 680, 667, 304, 651, 274, 212, 618, 422, 490, 604, 604, 570, 452, 422, 407, 561, 363, 342, 364, 295, 304, 316, 509, 144, 474, 438, 335, 460, 375, 390, 430],
        [116, 290, 205, 345, 316, 150, 197, 313, 56, 141, 111, 139, 294, 206, 300, 260, 306, 224, 242, 283, 60, 0, 44, 188, 78, 128, 228, 80, 260, 116, 100, 290, 256, 272, 245, 326, 273, 322, 340, 319, 384, 245, 241, 212, 360, 260, 312, 210, 170, 402, 243, 264, 215, 528, 475, 427, 519, 417, 516, 466, 512, 328, 290, 256, 316, 340, 270, 233, 286, 258, 700, 683, 347, 672, 311, 174, 635, 434, 505, 626, 631, 588, 450, 420, 400, 568, 360, 354, 352, 272, 300, 302, 470, 121, 436, 400, 357, 417, 338, 346, 382],
        [121, 332, 247, 380, 349, 191, 156, 349, 100, 180, 156, 183, 331, 237, 335, 291, 339, 250, 264, 308, 28, 44, 0, 197, 36, 152, 223, 50, 241, 82, 85, 247, 216, 233, 211, 286, 240, 286, 304, 288, 349, 211, 206, 177, 322, 220, 276, 171, 144, 377, 200, 222, 172, 496, 442, 395, 485, 383, 480, 431, 475, 311, 278, 250, 297, 313, 254, 224, 260, 240, 705, 691, 333, 676, 302, 214, 642, 445, 514, 629, 630, 594, 470, 441, 424, 583, 381, 364, 378, 304, 321, 329, 510, 152, 476, 440, 360, 459, 378, 388, 426],
        [305, 390, 312, 480, 460, 280, 240, 441, 208, 145, 210, 212, 219, 120, 206, 152, 199, 98, 90, 140, 226, 188, 197, 0, 194, 80, 72, 166, 148, 170, 125, 312, 263, 266, 218, 322, 228, 286, 295, 252, 528, 399, 389, 363, 493, 393, 456, 348, 340, 572, 360, 376, 328, 679, 626, 581, 663, 563, 655, 609, 645, 509, 475, 444, 495, 508, 452, 420, 456, 438, 886, 867, 530, 859, 498, 310, 820, 616, 690, 813, 819, 774, 619, 590, 565, 747, 531, 538, 513, 420, 472, 463, 563, 291, 534, 500, 545, 497, 449, 433, 451],
        [150, 367, 282, 415, 384, 226, 120, 385, 134, 202, 188, 214, 350, 251, 351, 304, 353, 259, 269, 316, 50, 78, 36, 194, 0, 162, 208, 28, 215, 50, 70, 212, 180, 197, 177, 250, 206, 250, 269, 254, 338, 205, 196, 170, 308, 206, 265, 158, 148, 378, 180, 200, 150, 488, 434, 389, 474, 373, 468, 420, 460, 320, 291, 269, 304, 314, 266, 241, 262, 250, 728, 715, 344, 699, 317, 250, 667, 472, 539, 651, 650, 618, 502, 472, 457, 611, 413, 392, 412, 340, 353, 364, 546, 187, 512, 476, 383, 494, 414, 424, 460],
        [240, 313, 233, 401, 380, 200, 247, 362, 134, 72, 130, 133, 192, 90, 190, 141, 191, 98, 114, 156, 178, 128, 152, 80, 162, 0, 145, 140, 210, 161, 111, 332, 286, 295, 252, 353, 270, 328, 340, 304, 500, 364, 357, 328, 470, 368, 427, 320, 295, 528, 342, 361, 311, 648, 594, 547, 636, 534, 630, 582, 623, 456, 417, 382, 444, 465, 398, 360, 411, 386, 813, 793, 475, 787, 438, 230, 747, 542, 617, 743, 751, 702, 541, 511, 486, 670, 453, 465, 434, 340, 395, 384, 488, 215, 458, 423, 477, 424, 371, 358, 380],
        [341, 458, 378, 544, 521, 341, 215, 506, 260, 215, 272, 278, 286, 191, 269, 216, 259, 164, 147, 193, 250, 228, 223, 72, 208, 145, 0, 180, 80, 169, 138, 270, 220, 220, 170, 271, 172, 228, 234, 187, 521, 403, 390, 367, 483, 388, 452, 348, 356, 580, 349, 362, 319, 674, 621, 580, 653, 557, 644, 600, 630, 528, 499, 474, 512, 516, 474, 447, 466, 458, 926, 910, 552, 898, 524, 371, 863, 662, 733, 852, 854, 815, 673, 643, 621, 796, 584, 582, 570, 480, 524, 520, 633, 342, 604, 569, 583, 568, 516, 503, 523],
        [171, 370, 284, 425, 395, 230, 122, 393, 136, 186, 184, 208, 330, 230, 330, 281, 331, 235, 243, 291, 72, 80, 50, 166, 28, 140, 180, 0, 192, 36, 42, 214, 176, 192, 165, 247, 193, 241, 259, 240, 364, 233, 223, 197, 332, 230, 291, 183, 176, 406, 202, 220, 171, 514, 460, 415, 499, 399, 493, 445, 485, 348, 319, 295, 333, 342, 294, 268, 290, 278, 752, 739, 372, 724, 344, 255, 691, 494, 562, 676, 676, 642, 520, 490, 473, 632, 431, 414, 427, 351, 371, 378, 550, 199, 516, 480, 408, 495, 418, 425, 459],
        [363, 520, 436, 596, 570, 392, 176, 560, 304, 283, 328, 340, 366, 269, 349, 296, 340, 244, 228, 273, 264, 260, 241, 148, 215, 210, 80, 192, 0, 167, 160, 208, 161, 155, 107, 200, 100, 151, 155, 107, 489, 386, 370, 352, 448, 360, 424, 328, 353, 562, 318, 326, 290, 640, 588, 551, 616, 524, 604, 564, 588, 523, 501, 483, 506, 500, 474, 455, 454, 456, 943, 931, 550, 914, 529, 422, 882, 687, 755, 866, 863, 834, 710, 680, 660, 824, 620, 606, 612, 527, 560, 562, 697, 381, 667, 631, 599, 635, 575, 567, 591],
        [200, 406, 320, 460, 430, 266, 89, 429, 172, 215, 219, 242, 353, 250, 350, 300, 350, 250, 254, 304, 100, 116, 82, 170, 50, 161, 169, 36, 167, 0, 50, 180, 141, 156, 130, 212, 158, 205, 223, 206, 357, 234, 222, 198, 323, 223, 286, 180, 188, 410, 189, 206, 158, 510, 456, 413, 492, 393, 484, 438, 474, 360, 335, 316, 344, 346, 308, 287, 297, 291, 776, 764, 385, 747, 362, 291, 715, 522, 588, 699, 696, 667, 552, 522, 506, 661, 462, 441, 460, 386, 403, 412, 586, 234, 552, 516, 431, 531, 454, 460, 494],
        [206, 377, 291, 442, 414, 241, 136, 408, 148, 170, 186, 205, 304, 200, 300, 250, 300, 200, 206, 254, 111, 100, 85, 125, 70, 111, 138, 42, 160, 50, 0, 223, 180, 192, 156, 250, 180, 234, 250, 223, 403, 274, 264, 238, 370, 269, 331, 223, 219, 448, 237, 254, 206, 554, 500, 456, 538, 438, 531, 484, 522, 390, 360, 335, 375, 384, 336, 308, 333, 320, 790, 776, 414, 762, 385, 269, 728, 529, 599, 715, 715, 680, 550, 520, 500, 666, 460, 449, 452, 371, 400, 403, 557, 222, 524, 488, 445, 500, 429, 430, 460],
        [335, 580, 494, 621, 588, 438, 92, 594, 346, 393, 398, 422, 522, 417, 514, 460, 509, 407, 403, 452, 250, 290, 247, 312, 212, 332, 270, 214, 208, 180, 223, 0, 50, 53, 101, 50, 111, 94, 111, 141, 310, 251, 231, 230, 266, 206, 260, 200, 264, 408, 162, 158, 150, 453, 406, 377, 424, 344, 410, 375, 390, 403, 400, 403, 383, 354, 370, 373, 323, 350, 851, 850, 432, 821, 430, 460, 800, 628, 681, 771, 756, 750, 680, 651, 642, 767, 594, 551, 604, 543, 538, 559, 758, 394, 723, 687, 522, 707, 624, 636, 672],
        [316, 546, 460, 595, 563, 406, 63, 566, 312, 349, 360, 382, 474, 370, 465, 412, 460, 359, 353, 403, 223, 256, 216, 263, 180, 286, 220, 176, 161, 141, 180, 50, 0, 20, 53, 70, 70, 80, 100, 111, 340, 262, 243, 235, 297, 223, 283, 206, 260, 429, 178, 180, 158, 487, 438, 406, 460, 375, 448, 410, 430, 412, 403, 400, 392, 371, 373, 370, 335, 353, 855, 851, 441, 826, 432, 430, 801, 622, 680, 776, 764, 751, 667, 637, 626, 762, 579, 543, 585, 518, 522, 538, 726, 367, 692, 656, 520, 672, 594, 602, 636],
        [335, 562, 476, 612, 581, 422, 82, 583, 328, 360, 374, 396, 481, 376, 471, 417, 465, 364, 356, 406, 241, 272, 233, 266, 197, 295, 220, 192, 155, 156, 192, 53, 20, 0, 50, 58, 58, 60, 80, 94, 356, 281, 262, 254, 312, 241, 300, 225, 280, 447, 196, 197, 177, 502, 453, 422, 474, 390, 460, 424, 442, 431, 422, 420, 412, 390, 393, 390, 354, 373, 875, 871, 460, 845, 452, 446, 821, 641, 700, 796, 784, 771, 686, 657, 645, 782, 599, 563, 604, 536, 541, 557, 742, 384, 708, 672, 540, 687, 610, 617, 650],
        [323, 532, 446, 590, 560, 394, 85, 559, 300, 320, 342, 361, 434, 331, 423, 370, 417, 316, 308, 356, 225, 245, 211, 218, 177, 252, 170, 165, 107, 130, 156, 101, 53, 50, 0, 104, 30, 78, 94, 80, 388, 299, 281, 269, 346, 266, 328, 241, 284, 471, 222, 226, 197, 538, 487, 453, 512, 424, 500, 460, 482, 445, 431, 422, 427, 411, 402, 393, 371, 383, 882, 875, 474, 853, 460, 420, 826, 640, 701, 804, 795, 776, 677, 647, 633, 780, 588, 560, 589, 516, 529, 541, 712, 364, 679, 643, 542, 656, 583, 586, 617],
        [380, 617, 531, 663, 631, 476, 130, 635, 382, 418, 431, 453, 538, 434, 528, 474, 522, 420, 412, 460, 291, 326, 286, 322, 250, 353, 271, 247, 200, 212, 250, 50, 70, 58, 104, 0, 100, 58, 70, 111, 353, 301, 281, 280, 308, 254, 306, 250, 314, 455, 212, 206, 200, 492, 446, 420, 460, 385, 445, 414, 424, 452, 450, 452, 432, 402, 420, 422, 373, 400, 901, 900, 482, 871, 480, 500, 850, 677, 731, 821, 806, 800, 728, 699, 689, 817, 641, 600, 650, 586, 585, 604, 796, 435, 762, 726, 572, 743, 664, 672, 707],
        [353, 557, 471, 618, 588, 420, 114, 586, 326, 339, 366, 384, 447, 344, 434, 380, 427, 326, 316, 364, 254, 273, 240, 228, 206, 270, 172, 193, 100, 158, 180, 111, 70, 58, 30, 100, 0, 58, 70, 50, 411, 326, 308, 297, 367, 291, 352, 269, 314, 497, 246, 250, 223, 558, 509, 476, 531, 445, 518, 481, 500, 474, 460, 452, 455, 438, 431, 422, 399, 412, 912, 905, 502, 882, 490, 447, 855, 670, 731, 833, 824, 806, 707, 677, 662, 810, 618, 590, 618, 544, 559, 570, 737, 392, 704, 668, 572, 680, 609, 610, 640],
        [392, 610, 524, 666, 635, 471, 141, 635, 377, 396, 420, 439, 505, 403, 492, 438, 484, 384, 373, 420, 297, 322, 286, 286, 250, 328, 228, 241, 151, 205, 234, 94, 80, 60, 78, 58, 58, 0, 20, 53, 404, 339, 320, 314, 360, 297, 353, 284, 340, 501, 252, 250, 235, 546, 500, 471, 516, 438, 502, 468, 481, 490, 482, 480, 470, 445, 452, 450, 412, 432, 935, 931, 519, 905, 512, 497, 881, 701, 760, 855, 843, 831, 745, 715, 703, 842, 657, 622, 660, 590, 599, 613, 790, 438, 757, 721, 600, 734, 660, 664, 695],
        [412, 626, 540, 684, 653, 488, 161, 652, 394, 410, 436, 454, 514, 413, 500, 447, 492, 393, 380, 427, 316, 340, 304, 295, 269, 340, 234, 259, 155, 223, 250, 111, 100, 80, 94, 70, 70, 20, 0, 50, 421, 359, 339, 333, 377, 316, 371, 304, 360, 520, 272, 269, 254, 562, 516, 488, 531, 454, 516, 484, 494, 509, 502, 500, 490, 464, 472, 470, 431, 452, 955, 951, 539, 925, 532, 514, 901, 721, 780, 875, 863, 851, 764, 735, 722, 862, 676, 642, 680, 609, 618, 632, 807, 456, 773, 737, 620, 750, 677, 680, 710],
        [403, 600, 514, 664, 635, 465, 162, 631, 371, 375, 408, 424, 471, 372, 456, 403, 447, 349, 335, 380, 304, 319, 288, 252, 254, 304, 187, 240, 107, 206, 223, 141, 111, 94, 80, 111, 50, 53, 50, 0, 450, 373, 354, 344, 406, 335, 394, 316, 363, 541, 290, 291, 269, 594, 546, 516, 565, 484, 551, 516, 531, 522, 509, 502, 502, 483, 480, 472, 445, 460, 961, 955, 550, 932, 539, 492, 905, 720, 781, 882, 873, 855, 756, 726, 711, 860, 667, 640, 667, 591, 608, 618, 780, 439, 747, 711, 622, 721, 652, 651, 680],
        [322, 592, 527, 572, 536, 473, 312, 564, 420, 526, 480, 510, 678, 586, 684, 640, 688, 597, 607, 654, 325, 384, 349, 528, 338, 500, 521, 364, 489, 357, 403, 310, 340, 356, 388, 353, 411, 404, 421, 450, 0, 140, 143, 172, 44, 134, 72, 180, 220, 121, 172, 162, 202, 152, 100, 67, 136, 36, 131, 82, 130, 184, 220, 260, 169, 106, 202, 245, 134, 192, 602, 614, 208, 572, 240, 478, 566, 450, 474, 523, 494, 518, 537, 516, 524, 573, 476, 395, 510, 501, 441, 483, 738, 404, 702, 672, 340, 711, 610, 648, 696],
        [186, 462, 392, 458, 422, 337, 214, 444, 280, 386, 340, 370, 539, 449, 545, 502, 550, 462, 474, 520, 186, 245, 211, 399, 205, 364, 403, 233, 386, 234, 274, 251, 262, 281, 299, 301, 326, 339, 359, 373, 140, 0, 20, 36, 123, 53, 70, 58, 80, 176, 90, 101, 104, 284, 230, 183, 274, 172, 271, 222, 270, 151, 152, 170, 131, 114, 123, 144, 72, 104, 600, 600, 181, 570, 182, 344, 550, 392, 437, 520, 504, 500, 461, 435, 436, 528, 386, 322, 410, 382, 339, 375, 619, 269, 583, 550, 281, 586, 487, 520, 566],
        [193, 470, 398, 470, 434, 342, 197, 454, 280, 383, 340, 370, 536, 443, 541, 497, 545, 455, 466, 512, 182, 241, 206, 389, 196, 357, 390, 223, 370, 222, 264, 231, 243, 262, 281, 281, 308, 320, 339, 354, 143, 20, 0, 30, 120, 36, 70, 42, 85, 192, 70, 82, 85, 291, 237, 192, 278, 177, 274, 225, 270, 171, 172, 187, 151, 130, 143, 161, 92, 123, 620, 620, 200, 590, 202, 351, 570, 411, 457, 540, 524, 520, 478, 452, 452, 548, 402, 340, 425, 394, 354, 388, 629, 275, 593, 560, 300, 594, 497, 528, 573],
        [165, 442, 370, 446, 411, 313, 183, 430, 250, 353, 310, 340, 506, 414, 511, 468, 516, 427, 438, 484, 152, 212, 177, 363, 170, 328, 367, 197, 352, 198, 238, 230, 235, 254, 269, 280, 297, 314, 333, 344, 172, 36, 30, 0, 150, 58, 100, 30, 58, 212, 76, 94, 80, 319, 265, 219, 308, 206, 304, 254, 300, 177, 170, 177, 158, 148, 140, 148, 102, 120, 622, 620, 206, 592, 200, 323, 570, 402, 452, 542, 529, 520, 465, 438, 435, 541, 385, 328, 406, 370, 336, 367, 604, 246, 568, 535, 294, 568, 471, 500, 546],
        [310, 585, 516, 574, 538, 460, 272, 563, 400, 501, 460, 490, 653, 559, 657, 611, 660, 567, 575, 623, 300, 360, 322, 493, 308, 470, 483, 332, 448, 323, 370, 266, 297, 312, 346, 308, 367, 360, 377, 406, 44, 123, 120, 150, 0, 101, 53, 151, 203, 160, 134, 122, 165, 192, 141, 111, 170, 78, 161, 116, 152, 205, 234, 269, 188, 130, 212, 250, 141, 198, 637, 647, 232, 608, 258, 468, 599, 471, 501, 559, 532, 550, 554, 531, 537, 599, 487, 412, 518, 501, 448, 488, 738, 392, 702, 670, 360, 707, 608, 642, 689],
        [223, 500, 427, 504, 468, 370, 184, 488, 302, 400, 363, 393, 552, 457, 555, 509, 559, 465, 474, 522, 200, 260, 220, 393, 206, 368, 388, 230, 360, 223, 269, 206, 223, 241, 266, 254, 291, 297, 316, 335, 134, 53, 36, 58, 101, 0, 64, 50, 116, 205, 44, 50, 70, 286, 233, 192, 269, 170, 262, 215, 254, 200, 206, 223, 180, 148, 177, 197, 120, 158, 650, 651, 230, 620, 235, 380, 602, 445, 490, 570, 552, 552, 514, 488, 488, 582, 438, 375, 460, 428, 390, 424, 662, 304, 626, 593, 335, 626, 530, 559, 604],
        [257, 531, 463, 521, 485, 407, 247, 510, 350, 453, 410, 440, 606, 514, 611, 567, 616, 524, 534, 581, 253, 312, 276, 456, 265, 427, 452, 291, 424, 286, 331, 260, 283, 300, 328, 306, 352, 353, 371, 394, 72, 70, 70, 100, 53, 64, 0, 107, 151, 148, 106, 102, 134, 223, 170, 128, 208, 107, 203, 155, 200, 167, 188, 219, 148, 100, 164, 198, 94, 148, 612, 618, 196, 582, 214, 414, 568, 429, 464, 532, 510, 519, 508, 484, 488, 560, 438, 366, 467, 447, 396, 436, 684, 339, 648, 617, 317, 653, 554, 588, 635],
        [180, 456, 380, 466, 431, 323, 156, 448, 253, 350, 314, 343, 502, 407, 506, 460, 509, 417, 427, 474, 150, 210, 171, 348, 158, 320, 348, 183, 328, 180, 223, 200, 206, 225, 241, 250, 269, 284, 304, 316, 180, 58, 42, 30, 151, 50, 107, 0, 78, 234, 50, 70, 50, 331, 277, 233, 316, 215, 310, 262, 304, 206, 200, 206, 186, 172, 170, 177, 130, 150, 651, 650, 235, 622, 230, 335, 600, 431, 482, 572, 559, 550, 492, 465, 461, 570, 411, 357, 430, 389, 360, 390, 622, 259, 586, 552, 323, 583, 488, 514, 559],
        [107, 384, 313, 389, 353, 257, 200, 372, 200, 310, 260, 290, 463, 376, 471, 430, 477, 393, 408, 451, 116, 170, 144, 340, 148, 295, 356, 176, 353, 188, 219, 264, 260, 280, 284, 314, 314, 340, 360, 363, 220, 80, 85, 58, 203, 116, 151, 78, 0, 233, 128, 148, 120, 359, 305, 257, 352, 250, 350, 300, 350, 172, 148, 140, 156, 170, 120, 110, 116, 102, 598, 592, 197, 568, 177, 265, 542, 363, 420, 519, 512, 492, 417, 390, 384, 503, 335, 286, 352, 312, 283, 312, 546, 189, 510, 477, 260, 510, 413, 442, 488],
        [310, 551, 500, 509, 475, 453, 388, 509, 423, 538, 478, 506, 689, 608, 700, 662, 707, 626, 641, 684, 349, 402, 377, 572, 378, 528, 580, 406, 562, 410, 448, 408, 429, 447, 471, 455, 497, 501, 520, 541, 121, 176, 192, 212, 160, 205, 148, 234, 233, 0, 250, 250, 274, 155, 116, 78, 170, 111, 180, 141, 198, 101, 151, 200, 100, 64, 150, 200, 116, 152, 480, 493, 111, 451, 158, 450, 445, 346, 360, 402, 373, 399, 442, 424, 439, 460, 393, 305, 434, 447, 370, 417, 677, 384, 642, 616, 244, 660, 559, 604, 653],
        [228, 502, 424, 516, 480, 366, 141, 496, 291, 380, 351, 380, 530, 431, 531, 483, 533, 437, 443, 492, 184, 243, 200, 360, 180, 342, 349, 202, 318, 189, 237, 162, 178, 196, 222, 212, 246, 252, 272, 290, 172, 90, 70, 76, 134, 44, 106, 50, 128, 250, 0, 22, 31, 324, 272, 233, 304, 208, 295, 250, 284, 240, 241, 252, 220, 193, 212, 224, 161, 192, 690, 690, 270, 660, 271, 380, 640, 478, 526, 610, 594, 590, 541, 514, 511, 616, 461, 404, 480, 438, 410, 440, 670, 305, 634, 600, 368, 629, 536, 560, 604],
        [250, 524, 447, 537, 502, 389, 150, 518, 313, 401, 373, 402, 550, 450, 550, 502, 552, 455, 460, 509, 206, 264, 222, 376, 200, 361, 362, 220, 326, 206, 254, 158, 180, 197, 226, 206, 250, 250, 269, 291, 162, 101, 82, 94, 122, 50, 102, 70, 148, 250, 22, 0, 50, 314, 262, 226, 291, 198, 281, 238, 269, 250, 254, 269, 230, 196, 225, 241, 170, 206, 700, 701, 280, 670, 284, 403, 651, 493, 539, 620, 602, 602, 559, 532, 530, 630, 480, 421, 500, 460, 430, 460, 692, 327, 656, 622, 383, 651, 558, 583, 626],
        [212, 482, 403, 502, 467, 344, 114, 481, 265, 351, 325, 354, 500, 401, 500, 452, 502, 406, 412, 460, 158, 215, 172, 328, 150, 311, 319, 171, 290, 158, 206, 150, 158, 177, 197, 200, 223, 235, 254, 269, 202, 104, 85, 80, 165, 70, 134, 50, 120, 274, 31, 50, 0, 355, 302, 262, 335, 238, 326, 281, 316, 254, 250, 254, 235, 214, 220, 225, 177, 200, 701, 700, 284, 671, 280, 360, 650, 480, 532, 622, 608, 600, 538, 510, 505, 619, 456, 405, 471, 424, 403, 430, 652, 286, 617, 582, 373, 610, 518, 540, 583],
        [451, 704, 650, 664, 630, 600, 464, 664, 559, 669, 616, 646, 822, 733, 829, 787, 835, 746, 757, 804, 471, 528, 496, 679, 488, 648, 674, 514, 640, 510, 554, 453, 487, 502, 538, 492, 558, 546, 562, 594, 152, 284, 291, 319, 192, 286, 223, 331, 359, 155, 324, 314, 355, 0, 53, 101, 40, 116, 60, 78, 90, 257, 305, 355, 253, 200, 301, 351, 250, 300, 567, 591, 265, 541, 313, 600, 549, 488, 487, 497, 456, 508, 588, 573, 590, 586, 546, 456, 588, 602, 524, 572, 832, 530, 798, 771, 393, 815, 713, 758, 807],
        [400, 657, 600, 622, 588, 550, 412, 620, 506, 616, 564, 594, 769, 680, 776, 733, 781, 692, 703, 750, 417, 475, 442, 626, 434, 594, 621, 460, 588, 456, 500, 406, 438, 453, 487, 446, 509, 500, 516, 546, 100, 230, 237, 265, 141, 233, 170, 277, 305, 116, 272, 262, 302, 53, 0, 50, 53, 64, 64, 40, 86, 215, 262, 310, 208, 151, 254, 304, 200, 251, 566, 586, 228, 538, 273, 550, 541, 460, 468, 492, 455, 497, 558, 540, 555, 568, 510, 421, 550, 557, 484, 531, 790, 480, 755, 728, 360, 771, 669, 711, 761],
        [350, 608, 550, 575, 540, 500, 374, 572, 457, 567, 514, 544, 720, 632, 728, 686, 733, 646, 657, 703, 370, 427, 395, 581, 389, 547, 580, 415, 551, 413, 456, 377, 406, 422, 453, 420, 476, 471, 488, 516, 67, 183, 192, 219, 111, 192, 128, 233, 257, 78, 233, 226, 262, 101, 50, 0, 101, 40, 107, 64, 122, 170, 215, 262, 161, 101, 206, 254, 150, 202, 550, 566, 186, 522, 228, 500, 520, 424, 438, 474, 441, 474, 518, 500, 513, 538, 466, 380, 505, 509, 438, 484, 743, 430, 708, 680, 320, 722, 620, 662, 711],
        [450, 710, 651, 676, 641, 600, 441, 674, 553, 660, 612, 641, 813, 722, 820, 776, 824, 733, 743, 790, 460, 519, 485, 663, 474, 636, 653, 499, 616, 492, 538, 424, 460, 474, 512, 460, 531, 516, 531, 565, 136, 274, 278, 308, 170, 269, 208, 316, 352, 170, 304, 291, 335, 40, 53, 101, 0, 101, 20, 53, 50, 269, 316, 364, 262, 203, 308, 356, 250, 304, 604, 626, 281, 576, 326, 602, 583, 512, 516, 532, 492, 540, 610, 593, 609, 616, 563, 475, 604, 611, 538, 585, 844, 530, 809, 781, 413, 824, 722, 764, 813],
        [350, 616, 554, 590, 555, 501, 348, 585, 451, 559, 510, 540, 711, 620, 718, 674, 722, 632, 642, 689, 359, 417, 383, 563, 373, 534, 557, 399, 524, 393, 438, 344, 375, 390, 424, 385, 445, 438, 454, 484, 36, 172, 177, 206, 78, 170, 107, 215, 250, 111, 208, 198, 238, 116, 64, 40, 101, 0, 100, 50, 104, 192, 233, 277, 180, 116, 219, 265, 155, 211, 589, 604, 212, 560, 250, 504, 557, 453, 471, 512, 480, 510, 544, 524, 536, 571, 488, 404, 524, 522, 456, 500, 757, 431, 722, 692, 346, 733, 632, 671, 720],
        [450, 713, 653, 683, 648, 601, 430, 680, 551, 657, 610, 640, 810, 718, 815, 771, 820, 728, 736, 784, 457, 516, 480, 655, 468, 630, 644, 493, 604, 484, 531, 410, 448, 460, 500, 445, 518, 502, 516, 551, 131, 271, 274, 304, 161, 262, 203, 310, 350, 180, 295, 281, 326, 60, 64, 107, 20, 100, 0, 50, 30, 277, 323, 370, 269, 208, 313, 361, 253, 308, 622, 644, 291, 595, 335, 604, 600, 524, 531, 550, 510, 557, 622, 604, 619, 631, 573, 485, 612, 616, 546, 592, 850, 531, 815, 787, 424, 829, 728, 769, 817],
        [400, 664, 604, 636, 601, 551, 388, 632, 501, 608, 560, 590, 761, 669, 766, 722, 771, 680, 689, 736, 407, 466, 431, 609, 420, 582, 600, 445, 564, 438, 484, 375, 410, 424, 460, 414, 481, 468, 484, 516, 82, 222, 225, 254, 116, 215, 155, 262, 300, 141, 250, 238, 281, 78, 40, 64, 53, 50, 50, 0, 58, 233, 277, 323, 223, 161, 265, 313, 203, 259, 604, 622, 250, 575, 291, 554, 576, 487, 500, 529, 493, 532, 582, 564, 576, 600, 530, 444, 568, 569, 500, 546, 804, 481, 768, 740, 384, 781, 680, 720, 769],
        [452, 720, 657, 694, 659, 604, 415, 689, 550, 653, 610, 640, 806, 711, 810, 764, 813, 720, 728, 776, 452, 512, 475, 645, 460, 623, 630, 485, 588, 474, 522, 390, 430, 442, 482, 424, 500, 481, 494, 531, 130, 270, 270, 300, 152, 254, 200, 304, 350, 198, 284, 269, 316, 90, 86, 122, 50, 104, 30, 58, 0, 291, 335, 380, 281, 219, 323, 370, 259, 316, 650, 670, 308, 622, 349, 608, 626, 544, 554, 576, 538, 583, 640, 622, 635, 654, 588, 502, 626, 626, 559, 604, 861, 534, 826, 797, 442, 838, 736, 776, 824],
        [223, 450, 403, 408, 373, 359, 360, 407, 340, 456, 390, 417, 604, 530, 617, 583, 626, 552, 570, 610, 282, 328, 311, 509, 320, 456, 528, 348, 523, 360, 390, 403, 412, 431, 445, 452, 474, 490, 509, 522, 184, 151, 171, 177, 205, 200, 167, 206, 172, 101, 240, 250, 254, 257, 215, 170, 269, 192, 277, 233, 291, 0, 50, 100, 20, 78, 58, 104, 80, 70, 450, 452, 30, 420, 58, 353, 403, 266, 297, 370, 353, 353, 353, 333, 344, 393, 296, 212, 335, 345, 269, 316, 575, 291, 541, 514, 156, 559, 457, 502, 552],
        [180, 400, 353, 360, 325, 310, 347, 359, 296, 413, 344, 371, 559, 488, 573, 540, 583, 512, 531, 570, 250, 290, 278, 475, 291, 417, 499, 319, 501, 335, 360, 400, 403, 422, 431, 450, 460, 482, 502, 509, 220, 152, 172, 170, 234, 206, 188, 200, 148, 151, 241, 254, 250, 305, 262, 215, 316, 233, 323, 277, 335, 50, 0, 50, 53, 116, 30, 58, 94, 50, 452, 450, 58, 422, 30, 304, 400, 241, 284, 373, 364, 350, 320, 297, 304, 376, 256, 178, 291, 296, 223, 269, 528, 243, 493, 465, 130, 509, 407, 452, 502],
        [141, 350, 304, 313, 278, 262, 340, 310, 256, 372, 300, 326, 514, 448, 530, 500, 540, 474, 494, 531, 223, 256, 250, 444, 269, 382, 474, 295, 483, 316, 335, 403, 400, 420, 422, 452, 452, 480, 500, 502, 260, 170, 187, 177, 269, 223, 219, 206, 140, 200, 252, 269, 254, 355, 310, 262, 364, 277, 370, 323, 380, 100, 50, 0, 101, 161, 58, 30, 128, 70, 460, 452, 104, 431, 58, 254, 403, 225, 280, 383, 380, 353, 291, 266, 269, 364, 219, 152, 250, 247, 180, 223, 481, 196, 445, 417, 120, 460, 359, 403, 452],
        [215, 451, 401, 414, 379, 355, 341, 412, 331, 447, 382, 411, 596, 519, 608, 573, 617, 540, 558, 599, 269, 316, 297, 495, 304, 444, 512, 333, 506, 344, 375, 383, 392, 412, 427, 432, 455, 470, 490, 502, 169, 131, 151, 158, 188, 180, 148, 186, 156, 100, 220, 230, 235, 253, 208, 161, 262, 180, 269, 223, 281, 20, 53, 101, 0, 64, 50, 100, 60, 58, 470, 472, 50, 440, 70, 351, 422, 283, 316, 390, 373, 373, 367, 346, 356, 412, 308, 226, 344, 349, 277, 323, 581, 286, 547, 519, 172, 562, 460, 504, 554],
        [253, 506, 450, 475, 440, 400, 327, 471, 364, 477, 419, 449, 629, 546, 639, 600, 646, 563, 578, 621, 286, 340, 313, 508, 314, 465, 516, 342, 500, 346, 384, 354, 371, 390, 411, 402, 438, 445, 464, 483, 106, 114, 130, 148, 130, 148, 100, 172, 170, 64, 193, 196, 214, 200, 151, 101, 203, 116, 208, 161, 219, 78, 116, 161, 64, 0, 104, 152, 53, 100, 512, 519, 102, 482, 134, 400, 470, 344, 371, 432, 410, 422, 431, 410, 420, 469, 372, 290, 408, 408, 340, 384, 642, 330, 607, 578, 234, 620, 519, 560, 610],
        [165, 403, 350, 371, 336, 304, 317, 366, 281, 398, 332, 360, 546, 471, 559, 524, 568, 494, 512, 552, 226, 270, 254, 452, 266, 398, 474, 294, 474, 308, 336, 370, 373, 393, 402, 420, 431, 452, 472, 480, 202, 123, 143, 140, 212, 177, 164, 170, 120, 150, 212, 225, 220, 301, 254, 206, 308, 219, 313, 265, 323, 58, 30, 58, 50, 104, 0, 50, 70, 20, 482, 480, 78, 452, 60, 300, 430, 269, 314, 403, 392, 380, 344, 320, 325, 405, 275, 202, 308, 303, 238, 281, 538, 235, 503, 474, 158, 516, 414, 457, 506],
        [122, 353, 300, 326, 290, 254, 310, 319, 238, 355, 286, 313, 500, 430, 514, 482, 524, 454, 474, 512, 197, 233, 224, 420, 241, 360, 447, 268, 455, 287, 308, 373, 370, 390, 393, 422, 422, 450, 470, 472, 245, 144, 161, 148, 250, 197, 198, 177, 110, 200, 224, 241, 225, 351, 304, 254, 356, 265, 361, 313, 370, 104, 58, 30, 100, 152, 50, 0, 111, 53, 490, 482, 116, 460, 78, 250, 432, 254, 310, 412, 408, 383, 317, 291, 292, 394, 242, 180, 269, 256, 198, 238, 492, 186, 456, 427, 150, 468, 366, 407, 457],
