NAME : brest_poi-n101-k14_euclidean
TYPE : CVRP
COMMENT : Euclidean distances; ENU ref: LLA(48.40842465, -4.498374, 0.0)
DIMENSION : 101
CAPACITY : 145
EDGE_WEIGHT_TYPE : EXPLICIT
EDGE_WEIGHT_FORMAT : FULL_MATRIX
EDGE_WEIGHT_SECTION
0 7228 2138 1877 2145 1616 1951 1811 1807 1502 3098 3028 2091 3684 2726 1716 2657 7171 669 1880 1761 5753 3537 4059 2969 3000 5494 1646 2610 2271 1182 1024 924 1255 3386 4388 884 1908 4425 2378 1304 1233 1649 2037 3159 533 5670 1369 1514 2536 2923 1965 1289 1633 2990 2461 874 2240 869 1045 2604 1171 2228 2001 3323 748 5132 2442 859 3770 2888 794 6295 3223 1342 4617 1993 1228 3962 3385 3409 2982 1848 5212 2295 3082 2851 1616 242 2569 3863 667 1703 2804 1788 831 3163 1647 466 1553 4131
7228 0 9048 8307 9039 7066 8463 8186 6831 7569 9230 4225 8914 10757 5932 7941 9173 295 6560 6585 6910 1515 3697 10929 4292 8790 7918 5950 9479 5950 8196 8116 6477 5985 3862 11283 7557 6786 11335 8557 7320 6513 7674 6940 8629 7371 12624 7331 7353 5492 10148 6256 8289 7542 10117 9680 7885 6304 7641 8010 5190 7824 9280 8097 9394 6538 2664 6257 7982 3503 6182 6447 8218 4008 7036 10269 8521 8155 3271 10333 10298 4593 6460 2171 5320 8521 10051 5734 7399 5631 10659 6664 7902 4645 5725 6941 10356 6869 6762 8724 3108
2138 9048 0 905 33 2101 756 1011 2388 1559 1397 4991 193 1719 3540 1248 775 9031 2689 2627 2300 7538 5384 1943 4945 4086 7266 3783 473 3284 2126 1985 3061 3295 5203 2285 1509 2472 2329 1107 1760 2536 1510 2408 4385 1768 4945 1764 1786 4672 1813 2926 2153 1641 1166 1238 1277 3013 1439 2210 3955 1225 380 1265 4089 2618 7175 3156 1952 5548 3489 2872 8074 5135 2048 2844 715 940 5804 1296 1291 4506 2717 7166 3758 4352 2025 3329 2115 4697 1729 2479 1285 4415 3325 2883 2273 2292 2533 1725 5953
1877 8307 905 0 880 1259 163 122 1530 739 1225 4378 718 2560 2658 372 892 8308 2250 1776 1443 6793 4696 2624 4341 4429 7323 3432 1223 2439 2358 2175 2730 2810 4505 2979 1021 1603 3032 512 999 1835 645 1519 4682 1372 5801 980 957 4335 2665 2091 2422 780 2064 2074 1075 2143 1012 2372 3149 709 1268 374 4549 2111 6589 2273 2076 4826 2591 2455 8130 4487 1275 2740 218 786 5107 2064 2007 3725 1881 6511 2988 4630 2829 2670 1958 4394 2353 1974 412 3663 2604 2704 3105 1457 2148 2170 5244
2145 9039 33 880 0 2084 730 989 2370 1542 1367 4988 165 1732 3520 1227 745 9023 2691 2610 2282 7529 5377 1943 4942 4113 7287 3790 469 3267 2149 2006 3068 3296 5196 2287 1505 2453 2331 1075 1746 2527 1490 2387 4411 1769 4976 1749 1769 4680 1844 2910 2177 1622 1187 1270 1282 2994 1437 2231 3942 1218 411 1239 4119 2617 7174 3136 1971 5540 3467 2875 8096 5131 2035 2817 688 941 5797 1301 1291 4495 2701 7162 3746 4378 2057 3323 2126 4706 1725 2478 1264 4405 3316 2894 2305 2275 2537 1753 5946
1616 7066 2101 1259 2084 0 1420 1138 297 542 2228 3263 1934 3804 1463 887 2108 7075 1574 527 211 5552 3503 3878 3237 4601 6977 2713 2474 1185 2631 2439 2132 1958 3306 4233 970 395 4287 1505 420 770 615 440 4773 1160 6747 380 316 3568 3677 833 2728 481 3259 3095 1382 923 1069 2552 1892 1019 2417 1035 4878 1353 5469 1087 2284 3606 1481 1771 7762 3334 276 3552 1476 1424 3902 3321 3266 2476 623 5330 1751 4697 3757 1568 1825 3670 3599 1260 848 2430 1423 2342 4061 198 1591 2735 4029
1951 8463 756 163 730 1420 0 283 1692 896 1151 4518 565 2398 2819 534 756 8462 2358 1938 1605 6949 4846 2466 4480 4412 7364 3532 1061 2600 2349 2172 2824 2928 4656 2821 1120 1765 2874 504 1149 1981 807 1680 4674 1462 5675 1134 1116 4435 2538 2252 2408 942 1909 1949 1116 2305 1098 2376 3309 800 1126 510 4510 2230 6728 2435 2083 4980 2748 2561 8171 4632 1428 2679 58 797 5257 1903 1847 3884 2042 6658 3145 4626 2714 2813 2015 4489 2198 2091 573 3818 2755 2772 2984 1617 2246 2121 5396
1811 8186 1011 122 989 1138 283 0 1409 618 1307 4265 828 2679 2541 251 1006 8188 2158 1655 1322 6672 4578 2745 4228 4425 7276 3345 1342 2318 2351 2165 2648 2710 4387 3100 942 1484 3154 568 882 1719 524 1403 4670 1296 5884 861 836 4246 2751 1970 2420 659 2175 2158 1038 2024 943 2355 3027 640 1368 307 4561 2013 6477 2157 2058 4706 2479 2365 8081 4372 1155 2809 339 779 4988 2185 2129 3604 1760 6394 2867 4616 2904 2555 1905 4309 2473 1877 290 3542 2485 2641 3184 1335 2063 2194 5124
1807 6831 2388 1530 2370 297 1692 1409 0 832 2419 3121 2218 4085 1167 1159 2353 6849 1661 249 89 5319 3313 4135 3101 4806 7062 2740 2750 910 2873 2684 2215 1963 3113 4490 1243 107 4546 1726 709 770 887 259 4963 1394 7039 674 609 3564 3973 576 2973 753 3549 3391 1662 628 1345 2784 1644 1313 2710 1272 5106 1429 5313 791 2525 3396 1192 1844 7839 3170 496 3673 1747 1718 3702 3593 3532 2240 373 5141 1537 4884 4050 1469 2030 3679 3851 1360 1120 2214 1274 2479 4355 163 1713 3008 3822
1502 7569 1559 739 1542 542 896 618 832 0 1833 3668 1394 3266 1995 379 1618 7570 1685 1068 744 6054 3964 3362 3634 4373 6986 2877 1939 1726 2330 2136 2218 2186 3772 3717 658 921 3770 1078 286 1116 159 894 4579 974 6262 250 227 3767 3166 1370 2418 150 2718 2579 992 1460 728 2286 2417 554 1878 608 4591 1505 5881 1614 1997 4089 1983 1894 7784 3765 539 3262 953 938 4372 2790 2740 2988 1160 5783 2250 4512 3266 1955 1662 3847 3091 1380 342 2924 1870 2311 3565 734 1634 2335 4508
3098 9230 1397 1225 1367 2228 1151 1307 2419 1833 0 5481 1275 2283 3349 1476 626 9257 3462 2659 2348 7722 5726 1987 5452 5453 8503 4651 1249 3280 3430 3266 3953 4003 5528 2314 2245 2452 2378 758 2118 2937 1685 2291 5738 2596 6088 2079 1999 5552 3055 2987 3476 1795 2126 2542 2266 2928 2236 3480 4045 1933 1707 1226 5482 3310 7692 2993 3195 5814 3170 3670 9312 5560 2348 1531 1114 1935 6119 1714 1575 4648 2791 7554 3955 5697 3327 3772 3165 5615 1674 3176 1506 4633 3649 3922 3532 2412 3369 3102 6241
3028 4225 4991 4378 4988 3263 4518 4265 3121 3668 5481 0 4885 6655 2763 4043 5269 4152 2369 2916 3175 2798 677 6927 79 4818 5293 1783 5450 2478 3973 3892 2253 1774 667 7273 3484 3122 7319 4738 3388 2552 3805 3321 4741 3241 8440 3418 3485 1667 5935 2622 4067 3689 5983 5488 3756 2825 3553 3788 1834 3784 5173 4262 5381 2387 2214 2896 3759 1011 3100 2237 5925 284 3137 6793 4575 4061 1033 6287 6277 1418 2775 2189 1700 4631 5828 1713 3185 1851 6686 2522 4008 1216 1849 2725 6132 3090 2564 4501 1217
2091 8914 193 718 165 1934 565 828 2218 1394 1275 4885 0 1873 3364 1069 672 8902 2612 2459 2130 7402 5261 2042 4841 4182 7309 3731 568 3119 2185 2033 3009 3212 5077 2390 1403 2299 2437 922 1608 2402 1335 2229 4472 1687 5136 1607 1620 4626 2002 2763 2221 1468 1348 1423 1219 2841 1342 2255 3801 1103 572 1074 4209 2526 7078 2980 1984 5417 3306 2801 8118 5021 1896 2759 523 868 5679 1419 1395 4360 2553 7053 3613 4435 2206 3208 2090 4659 1808 2386 1107 4275 3190 2862 2460 2127 2466 1827 5826
3684 10757 1719 2560 1732 3804 2398 2679 4085 3266 2283 6655 1873 0 5216 2928 1884 10733 4304 4328 3997 9249 7079 756 6604 4699 8177 5294 1339 4989 3218 3160 4589 4914 6903 896 3201 4162 899 2536 3477 4250 3198 4076 5053 3415 3974 3479 3492 6142 1504 4635 3190 3333 712 1449 2900 4702 3120 3371 5672 2936 1484 2872 4471 4269 8808 4832 3207 7255 5130 4466 8967 6815 3766 3036 2345 2606 7502 570 713 6225 4425 8841 5476 5057 1862 5027 3592 6135 890 4134 2966 6131 5038 4301 1873 3999 4125 2628 7656
2726 5932 3540 2658 3520 1463 2819 2541 1167 1995 3349 2763 3364 5216 0 2296 3415 5984 2333 955 1254 4444 2715 5204 2773 5664 7464 3092 3877 482 3882 3704 2800 2337 2513 5556 2365 1074 5615 2754 1865 1494 2031 1140 5769 2434 8181 1836 1775 3740 5135 765 3987 1900 4705 4556 2789 544 2469 3764 936 2473 3871 2352 6036 2113 4783 385 3539 2689 338 2447 8201 2706 1611 4348 2871 2878 3032 4704 4629 1491 920 4472 1098 5678 5201 1598 2966 3893 4908 2116 2258 1594 1282 3203 5509 1294 2469 4101 3109
1716 7941 1248 372 1227 887 534 251 1159 379 1476 4043 1069 2928 2296 0 1240 7944 1997 1405 1072 6426 4342 2993 4008 4450 7206 3190 1592 2067 2380 2189 2509 2528 4149 3348 833 1235 3402 719 656 1492 273 1161 4681 1187 6074 627 589 4088 2949 1719 2457 408 2413 2356 1031 1775 861 2364 2778 582 1594 286 4619 1836 6256 1911 2068 4465 2244 2206 8009 4143 917 2942 590 845 4750 2436 2379 3356 1509 6161 2622 4621 3084 2331 1839 4159 2719 1704 40 3298 2248 2545 3371 1085 1921 2286 4885
2657 9173 775 892 745 2108 756 1006 2353 1618 626 5269 672 1884 3415 1240 0 9180 3104 2602 2271 7659 5581 1791 5232 4851 7967 4267 664 3258 2854 2699 3553 3681 5389 2144 1864 2412 2202 667 1888 2725 1501 2289 5143 2194 5535 1865 1825 5169 2459 2927 2892 1632 1588 1928 1790 2934 1831 2919 3995 1543 1083 1082 4863 2983 7480 3037 2643 5704 3292 3305 8777 5377 2156 2088 702 1440 5989 1330 1230 4583 2720 7399 3855 5107 2717 3561 2689 5216 1500 2844 1278 4533 3488 3459 2934 2305 2983 2493 6124
7171 295 9031 8308 9023 7075 8462 8188 6849 7570 9257 4152 8902 10733 5984 7944 9180 0 6506 6604 6925 1541 3657 10925 4217 8643 7680 5850 9468 5979 8113 8040 6398 5922 3831 11278 7532 6808 11329 8573 7316 6500 7680 6968 8473 7334 12513 7329 7357 5355 10086 6275 8204 7549 10084 9629 7850 6337 7614 7927 5213 7806 9253 8109 9251 6495 2471 6300 7910 3486 6245 6385 7965 3949 7035 10329 8520 8128 3232 10320 10290 4611 6477 2037 5326 8365 9979 5707 7336 5488 10660 6623 7906 4648 5714 6853 10282 6880 6706 8651 3078
669 6560 2689 2250 2691 1574 2358 2158 1661 1685 3462 2369 2612 4304 2333 1997 3104 6506 0 1643 1646 5084 2868 4631 2313 3340 5407 1194 3159 1853 1776 1644 559 610 2717 4968 1240 1742 5010 2710 1417 917 1844 1918 3436 926 6302 1475 1604 2092 3591 1617 1882 1779 3622 3123 1418 1922 1279 1612 2038 1561 2829 2272 3745 235 4505 2117 1488 3102 2554 210 6190 2557 1313 4937 2409 1751 3293 3969 3978 2357 1565 4557 1711 3346 3517 991 865 2164 4415 316 1973 2164 1217 872 3828 1522 208 2209 3462
1880 6585 2627 1776 2610 527 1938 1655 249 1068 2659 2916 2459 4328 955 1405 2602 6604 1643 0 334 5073 3084 4384 2900 4874 7012 2657 2995 663 2991 2806 2183 1870 2882 4738 1415 210 4794 1973 913 726 1132 406 5015 1517 7228 887 842 3451 4183 330 3094 997 3785 3605 1838 412 1519 2890 1396 1521 2942 1521 5199 1408 5096 598 2644 3157 1030 1810 7782 2953 658 3883 1993 1925 3467 3840 3780 1994 142 4910 1301 4932 4247 1306 2113 3574 4100 1362 1365 1976 1079 2492 4555 342 1725 3166 3584
1761 6910 2300 1443 2282 211 1605 1322 89 744 2348 3175 2130 3997 1254 1072 2271 6925 1646 334 0 5397 3381 4051 3154 4757 7052 2746 2663 996 2810 2620 2203 1974 3181 4406 1168 186 4461 1648 627 775 800 279 4919 1332 6956 589 521 3580 3888 657 2910 665 3461 3305 1585 716 1269 2725 1725 1228 2622 1190 5049 1417 5372 877 2463 3468 1273 1834 7832 3230 432 3620 1660 1634 3772 3507 3446 2318 450 5208 1609 4841 3967 1508 1979 3690 3768 1340 1033 2287 1327 2451 4271 125 1688 2934 3894
5753 1515 7538 6793 7529 5552 6949 6672 5319 6054 7722 2798 7402 9249 4444 6426 7659 1541 5084 5073 5397 0 2218 9414 2870 7521 7134 4567 7967 4443 6760 6670 5041 4525 2370 9769 6051 5275 9821 7044 5806 5002 6160 5432 7396 5874 11237 5817 5838 4225 8675 4744 6857 6028 8614 8194 6386 4799 6136 6576 3679 6314 7775 6584 8108 5050 1863 4759 6530 1999 4708 4983 7559 2557 5522 8790 7006 6650 1796 8821 8785 3080 4947 1148 3805 7286 8592 4232 5934 4384 9145 5173 6388 3131 4213 5521 8900 5355 5289 7270 1623
3537 3697 5384 4696 5377 3503 4846 4578 3313 3964 5726 677 5261 7079 2715 4342 5581 3657 2868 3084 3381 2218 0 7295 755 5488 5876 2434 5828 2538 4552 4457 2838 2309 204 7647 3880 3293 7696 5006 3698 2867 4086 3478 5415 3679 9053 3718 3762 2333 6459 2764 4651 3961 6428 5984 4194 2905 3960 4370 1795 4160 5598 4533 6045 2842 2068 2930 4315 339 3040 2766 6475 394 3425 6949 4903 4474 426 6677 6654 1231 2946 1828 1786 5306 6375 2055 3717 2516 7039 2969 4305 1137 2094 3330 6684 3315 3072 5054 595
4059 10929 1943 2624 1943 3878 2466 2745 4135 3362 1987 6927 2042 756 5204 2993 1791 10925 4631 4384 4051 9414 7295 0 6882 5390 8828 5701 1478 5043 3773 3688 4981 5237 7109 355 3444 4197 412 2451 3610 4430 3264 4079 5738 3711 4642 3598 3581 6576 2239 4706 3760 3398 1310 2089 3215 4724 3378 3909 5769 3144 1844 2868 5193 4560 9117 4827 3709 7440 5072 4811 9625 7062 3893 2400 2409 2883 7711 685 654 6349 4496 9093 5611 5735 2597 5246 4006 6588 313 4421 3032 6284 5212 4753 2626 4075 4471 3214 7854
2969 4292 4945 4341 4942 3237 4480 4228 3101 3634 5452 79 4841 6604 2773 4008 5232 4217 2313 2900 3154 2870 755 6882 0 4741 5231 1707 5404 2476 3905 3826 2185 1714 740 7228 3439 3105 7273 4707 3353 2519 3773 3305 4663 3191 8367 3385 3454 1592 5873 2610 3998 3658 5930 5429 3705 2820 3506 3719 1849 3741 5122 4231 5303 2336 2249 2896 3694 1088 3110 2177 5867 362 3106 6773 4536 4012 1110 6239 6232 1453 2759 2245 1701 4553 5763 1681 3123 1777 6643 2472 3974 1242 1828 2655 6067 3066 2506 4435 1293
3000 8790 4086 4429 4113 4601 4412 4425 4806 4373 5453 4818 4182 4699 5664 4450 4851 8643 3340 4874 4757 7521 5488 5390 4741 0 3542 3079 4412 5188 2075 2263 2954 3529 5426 5594 3718 4907 5597 4915 4245 4190 4492 5030 367 3448 4109 4308 4449 3305 3224 4924 2007 4520 4085 3311 3421 5216 3646 2090 5319 3877 3871 4704 621 3553 6217 5416 2385 5810 5862 3257 4306 5097 4332 6929 4426 3647 5844 4774 4893 5495 4831 6620 4981 411 2882 4246 2778 3160 5361 3552 4454 5257 4524 2484 2999 4645 3196 2361 6026
5494 7918 7266 7323 7287 6977 7364 7276 7062 6986 8503 5293 7309 8177 7464 7206 7967 7680 5407 7012 7052 7134 5876 8828 5231 3542 0 4384 7669 7009 5145 5281 4850 5166 5940 9062 6375 7136 9072 7834 6759 6299 7138 7320 3175 6026 7220 6823 6963 3777 6739 6900 5130 7109 7521 6744 6251 7207 6348 5057 6737 6642 7144 7490 3965 5635 5331 7377 5326 6199 7762 5219 810 5543 6709 10033 7395 6570 6030 8176 8275 6578 6910 5999 6443 3150 6408 5870 5373 3605 8757 5718 7195 6329 6185 4675 6539 6927 5391 5638 6172
1646 5950 3783 3432 3790 2713 3532 3345 2740 2877 4651 1783 3731 5294 3092 3190 4267 5850 1194 2657 2746 4567 2434 5701 1707 3079 4384 0 4255 2629 2299 2259 723 788 2355 6025 2413 2802 6061 3901 2605 1972 3035 2998 3045 2074 6678 2661 2784 903 4349 2520 2382 2965 4588 3980 2513 2825 2438 2112 2458 2732 3862 3465 3618 1379 3620 2993 2156 2745 3382 985 5139 2049 2472 6131 3580 2864 2815 5023 5052 2487 2545 3824 2133 2938 4192 1494 1703 971 5508 1498 3166 2236 1811 1038 4482 2624 1286 2877 2998
2610 9479 473 1223 469 2474 1061 1342 2750 1939 1249 5450 568 1339 3877 1592 664 9468 3159 2995 2663 7967 5828 1478 5404 4412 7669 4255 0 3657 2526 2400 3533 3763 5644 1824 1966 2825 1871 1240 2166 2968 1864 2738 4726 2237 4872 2162 2164 5142 1807 3306 2541 1999 932 1304 1749 3365 1901 2626 4354 1670 541 1537 4362 3083 7639 3493 2382 5983 3795 3343 8477 5588 2453 2551 1007 1409 6246 855 828 4918 3096 7619 4173 4701 2082 3775 2582 5166 1257 2944 1631 4838 3755 3346 2283 2670 3005 2065 6392
2271 5950 3284 2439 3267 1185 2600 2318 910 1726 3280 2478 3119 4989 482 2067 3258 5979 1853 663 996 4443 2538 5043 2476 5188 7009 2629 3657 0 3439 3265 2319 1864 2334 5397 1993 847 5454 2619 1545 1041 1794 991 5289 2018 7797 1529 1499 3310 4794 365 3545 1659 4438 4225 2413 368 2098 3314 771 2145 3592 2177 5569 1636 4591 423 3099 2571 754 1965 7753 2465 1267 4417 2656 2544 2897 4502 4441 1378 569 4347 779 5198 4837 1139 2512 3457 4757 1645 2028 1404 827 2723 5148 993 1994 3691 3000
1182 8196 2126 2358 2149 2631 2349 2351 2873 2330 3430 3973 2185 3218 3882 2380 2854 8113 1776 2991 2810 6760 4552 3773 3905 2075 5145 2299 2526 3439 0 195 1721 2253 4423 4051 1689 2979 4073 2851 2240 2398 2439 3070 2326 1480 4532 2300 2434 3038 2072 3118 108 2479 2512 1792 1355 3376 1606 188 3781 1813 2006 2630 2262 1911 5918 3575 348 4817 4018 1815 5953 4204 2380 4941 2367 1574 4968 3096 3175 4131 2981 6104 3466 2277 1894 2764 942 2998 3658 1845 2386 3938 2961 1267 2183 2712 1573 609 5145
1024 8116 1985 2175 2006 2439 2172 2165 2684 2136 3266 3892 2033 3160 3704 2189 2699 8040 1644 2806 2620 6670 4457 3688 3826 2263 5281 2259 2400 3265 195 0 1643 2150 4322 3976 1495 2790 4000 2672 2047 2225 2245 2878 2507 1292 4659 2106 2240 3034 2091 2940 290 2285 2450 1759 1162 3194 1412 227 3627 1620 1891 2442 2456 1764 5876 3393 167 4714 3834 1701 6090 4116 2190 4782 2192 1390 4875 3006 3077 3994 2799 6040 3317 2455 1943 2625 791 3006 3560 1690 2194 3807 2811 1222 2243 2523 1438 619 5051
924 6477 3061 2730 3068 2132 2824 2648 2215 2218 3953 2253 3009 4589 2800 2509 3553 6398 559 2183 2203 5041 2838 4981 2185 2954 4850 723 3533 2319 1721 1643 0 590 2718 5308 1710 2293 5345 3210 1960 1459 2376 2472 3008 1363 6219 2020 2153 1619 3711 2123 1816 2320 3887 3306 1791 2433 1727 1536 2366 2025 3146 2789 3416 786 4263 2622 1517 3113 3048 374 5632 2484 1871 5449 2871 2142 3250 4306 4332 2569 2095 4399 2027 2911 3584 1294 999 1666 4787 873 2488 2344 1584 510 3885 2078 588 2257 3429
1255 5985 3295 2810 3296 1958 2928 2710 1963 2186 4003 1774 3212 4914 2337 2528 3681 5922 610 1870 1974 4525 2309 5237 1714 3529 5166 788 3763 1864 2253 2150 590 0 2173 5576 1823 2020 5618 3246 1904 1200 2342 2219 3565 1527 6776 1953 2064 1611 4165 1735 2354 2257 4230 3715 2027 2042 1872 2074 1805 2141 3439 2790 4002 699 3895 2214 2007 2566 2614 464 5924 1978 1734 5446 2981 2355 2729 4578 4584 1980 1758 3957 1467 3465 4069 756 1415 1717 5017 838 2499 1755 1068 1098 4377 1854 794 2746 2903
3386 3862 5203 4505 5196 3306 4656 4387 3113 3772 5528 667 5077 6903 2513 4149 5389 3831 2717 2882 3181 2370 204 7109 740 5426 5940 2355 5644 2334 4423 4322 2718 2173 0 7461 3702 3092 7511 4810 3507 2680 3892 3275 5366 3509 8936 3526 3568 2331 6307 2562 4523 3766 6256 5824 4024 2701 3784 4243 1591 3979 5423 4337 5973 2681 2271 2726 4177 397 2839 2625 6555 398 3233 6746 4713 4298 603 6495 6469 1033 2745 2028 1584 5257 6231 1877 3572 2516 6851 2804 4112 933 1902 3216 6541 3117 2923 4914 754
4388 11283 2285 2979 2287 4233 2821 3100 4490 3717 2314 7273 2390 896 5556 3348 2144 11278 4968 4738 4406 9769 7647 355 7228 5594 9062 6025 1824 5397 4051 3976 5308 5576 7461 0 3790 4552 66 2802 3964 4782 3619 4432 5947 4051 4568 3953 3935 6896 2396 5061 4032 3753 1551 2322 3551 5077 3723 4194 6124 3493 2163 3222 5364 4903 9460 5179 4005 7794 5420 5146 9855 7411 4247 2575 2764 3223 8063 1003 997 6703 4851 9442 5966 5949 2753 5597 4326 6903 651 4764 3387 6638 5565 5065 2743 4430 4805 3478 8207
884 7557 1509 1021 1505 970 1120 942 1243 658 2245 3484 1403 3201 2365 833 1864 7532 1240 1415 1168 6051 3880 3444 3439 3718 6375 2413 1966 1993 1689 1495 1710 1823 3702 3790 0 1349 3835 1507 559 1073 790 1406 3922 357 5817 615 746 3316 2806 1633 1782 803 2567 2248 424 1825 105 1634 2557 321 1724 1118 3949 1129 5676 2011 1349 4055 2432 1442 7177 3627 758 3749 1170 601 4302 2805 2794 3065 1449 5657 2317 3855 2845 1826 1017 3373 3209 989 820 2948 1851 1713 3156 1091 1128 1766 4455
1908 6786 2472 1603 2453 395 1765 1484 107 921 2452 3122 2299 4162 1074 1235 2412 6808 1742 210 186 5275 3293 4197 3105 4907 7136 2802 2825 847 2979 2790 2293 2020 3092 4552 1349 0 4608 1775 812 839 965 207 5062 1499 7141 774 702 3615 4072 535 3079 832 3635 3488 1767 542 1451 2889 1597 1413 2798 1330 5210 1509 5305 694 2631 3365 1088 1920 7911 3162 602 3674 1820 1818 3676 3665 3600 2198 350 5119 1510 4981 4152 1494 2132 3733 3911 1445 1196 2184 1281 2569 4456 268 1802 3114 3793
4425 11335 2329 3032 2331 4287 2874 3154 4546 3770 2378 7319 2437 899 5615 3402 2202 11329 5010 4794 4461 9821 7696 412 7273 5597 9072 6061 1871 5454 4073 4000 5345 5618 7511 66 3835 4608 0 2861 4016 4832 3673 4490 5951 4094 4523 4005 3989 6929 2392 5116 4053 3807 1567 2334 3592 5135 3767 4218 6179 3540 2199 3279 5360 4946 9504 5238 4032 7844 5481 5186 9864 7458 4299 2635 2817 3266 8113 1041 1043 6757 4906 9489 6018 5955 2748 5645 4361 6935 712 4807 3441 6690 5616 5097 2731 4485 4845 3497 8257
2378 8557 1107 512 1075 1505 504 568 1726 1078 758 4738 922 2536 2754 719 667 8573 2710 1973 1648 7044 5006 2451 4707 4915 7834 3901 1240 2619 2851 2672 3210 3246 4810 2802 1507 1775 2861 0 1363 2189 935 1638 5176 1863 6045 1326 1254 4801 2918 2301 2911 1051 2164 2344 1586 2285 1510 2873 3369 1207 1484 477 5011 2553 6951 2379 2578 5110 2626 2918 8640 4826 1602 2242 495 1288 5406 1990 1896 3965 2097 6832 3252 5126 3128 3026 2467 4868 2154 2420 748 3931 2918 3207 3380 1697 2624 2619 5534
1304 7320 1760 999 1746 420 1149 882 709 286 2118 3388 1608 3477 1865 656 1888 7316 1417 913 627 5806 3698 3610 3353 4245 6759 2605 2166 1545 2240 2047 1960 1904 3507 3964 559 812 4016 1363 0 838 439 849 4434 800 6330 66 210 3491 3271 1181 2335 362 2900 2693 964 1322 655 2174 2196 609 2051 894 4497 1229 5601 1496 1897 3832 1899 1626 7553 3491 289 3543 1207 1014 4109 3020 2980 2753 978 5512 2008 4362 3342 1676 1489 3575 3346 1107 621 2676 1606 2089 3648 572 1382 2319 4248
1233 6513 2536 1835 2527 770 1981 1719 770 1116 2937 2552 2402 4250 1494 1492 2725 6500 917 726 775 5002 2867 4430 2519 4190 6299 1972 2968 1041 2398 2225 1459 1200 2680 4782 1073 839 4832 2189 838 0 1255 1029 4314 1007 6794 867 940 2808 3856 737 2505 1143 3633 3311 1462 1027 1170 2274 1494 1314 2785 1713 4545 683 4765 1227 2059 3015 1673 1086 7073 2653 590 4311 2038 1670 3282 3821 3791 1992 652 4677 1244 4228 3864 840 1474 2916 4173 645 1457 1883 789 1773 4179 655 1009 2670 3425
1649 7674 1510 645 1490 615 807 524 887 159 1685 3805 1335 3198 2031 273 1501 7680 1844 1132 800 6160 4086 3264 3773 4492 7138 3035 1864 1794 2439 2245 2376 2342 3892 3619 790 965 3673 935 439 1255 0 903 4705 1119 6284 394 325 3925 3172 1447 2524 136 2674 2581 1088 1506 849 2403 2506 634 1846 460 4696 1663 6018 1647 2111 4203 1992 2053 7936 3896 668 3105 862 986 4491 2709 2651 3087 1237 5909 2355 4640 3289 2093 1802 4005 2987 1538 234 3033 1994 2464 3583 813 1792 2410 4624
2037 6940 2408 1519 2387 440 1680 1403 259 894 2291 3321 2229 4076 1140 1161 2289 6968 1918 406 279 5432 3478 4079 3305 5030 7320 2998 2738 991 3070 2878 2472 2219 3275 4432 1406 207 4490 1638 849 1029 903 0 5196 1597 7152 800 696 3817 4059 715 3167 779 3573 3471 1812 648 1503 2990 1755 1424 2748 1216 5315 1687 5498 756 2723 3540 1092 2102 8098 3355 699 3480 1732 1823 3855 3566 3494 2361 547 5301 1692 5118 4157 1700 2253 3933 3787 1614 1124 2360 1483 2729 4457 401 1965 3167 3968
3159 8629 4385 4682 4411 4773 4674 4670 4963 4579 5738 4741 4472 5053 5769 4681 5143 8473 3436 5015 4919 7396 5415 5738 4663 367 3175 3045 4726 5289 2326 2507 3008 3565 5366 5947 3922 5062 5951 5176 4434 4314 4705 5196 0 3634 4406 4498 4641 3171 3584 5042 2269 4724 4431 3654 3651 5340 3857 2318 5368 4102 4186 4942 904 3659 6028 5539 2615 5743 5982 3334 3942 5022 4501 7227 4691 3897 5755 5114 5230 5504 4963 6461 5029 111 3244 4300 2950 3015 5701 3671 4682 5260 4590 2567 3365 4804 3309 2665 5937
533 7371 1768 1372 1769 1160 1462 1296 1394 974 2596 3241 1687 3415 2434 1187 2194 7334 926 1517 1332 5874 3679 3711 3191 3448 6026 2074 2237 2018 1480 1292 1363 1527 3509 4051 357 1499 4094 1863 800 1007 1119 1597 3634 0 5789 865 1008 2976 2867 1675 1581 1109 2752 2341 517 1912 365 1394 2492 664 1932 1472 3719 856 5411 2109 1133 3875 2547 1118 6827 3402 901 4104 1509 829 4104 3056 3058 2954 1519 5426 2220 3563 2861 1645 692 3028 3491 720 1172 2812 1727 1359 3176 1232 790 1673 4263
5670 12624 4945 5801 4976 6747 5675 5884 7039 6262 6088 8440 5136 3974 8181 6074 5535 12513 6302 7228 6956 11237 9053 4642 8367 4109 7220 6678 4872 7797 4532 4659 6219 6776 8936 4568 5817 7141 4523 6045 6330 6794 6284 7152 4406 5789 0 6368 6457 7194 3138 7443 4428 6391 3963 3728 5393 7639 5712 4705 8258 5731 4565 6175 3504 6417 10174 7822 4817 9332 8228 6346 7840 8689 6571 7009 5644 5329 9459 4476 4640 8651 7265 10478 7960 4491 2996 7282 5446 7085 4851 6332 6103 8465 7453 5724 2703 6896 6096 4132 9640
1369 7331 1764 980 1749 380 1134 861 674 250 2079 3418 1607 3479 1836 627 1865 7329 1475 887 589 5817 3718 3598 3385 4308 6823 2661 2162 1529 2300 2106 2020 1953 3526 3953 615 774 4005 1326 66 867 394 800 4498 865 6368 0 145 3545 3301 1166 2394 306 2911 2720 1013 1293 708 2236 2194 640 2064 853 4558 1283 5632 1463 1957 3847 1860 1684 7617 3516 295 3493 1191 1045 4127 3016 2971 2757 961 5535 2015 4427 3378 1706 1554 3630 3331 1164 591 2686 1624 2153 3683 545 1444 2369 4264
1514 7353 1786 957 1769 316 1116 836 609 227 1999 3485 1620 3492 1775 589 1825 7357 1604 842 521 5838 3762 3581 3454 4449 6963 2784 2164 1499 2434 2240 2153 2064 3568 3935 746 702 3989 1254 210 940 325 696 4641 1008 6457 145 0 3663 3374 1143 2527 204 2943 2789 1130 1237 834 2374 2193 728 2102 778 4694 1406 5698 1396 2093 3879 1776 1811 7756 3573 350 3388 1173 1129 4167 3014 2962 2769 934 5584 2034 4570 3463 1774 1698 3752 3307 1291 550 2710 1669 2295 3765 507 1580 2486 4300
2536 5492 4672 4335 4680 3568 4435 4246 3564 3767 5552 1667 4626 6142 3740 4088 5169 5355 2092 3451 3580 4225 2333 6576 1592 3305 3777 903 5142 3310 3038 3034 1619 1611 2331 6896 3316 3615 6929 4801 3491 2808 3925 3817 3171 2976 7194 3545 3663 0 5109 3269 3105 3850 5432 4787 3408 3560 3340 2856 2966 3635 4734 4361 3903 2263 2981 3707 2954 2671 4055 1883 4481 1948 3340 7026 4483 3760 2625 5896 5931 2814 3328 3322 2682 3061 4917 2188 2571 187 6392 2389 4063 2561 2487 1842 5191 3462 2189 3640 2802
2923 10148 1813 2665 1844 3677 2538 2751 3973 3166 3055 5935 2002 1504 5135 2949 2459 10086 3591 4183 3888 8675 6459 2239 5873 3224 6739 4349 1807 4794 2072 2091 3711 4165 6307 2396 2806 4072 2392 2918 3271 3856 3172 4059 3584 2867 3138 3301 3374 5109 0 4431 2008 3286 1033 593 2397 4592 2703 2254 5349 2663 1434 3039 2969 3636 7964 4763 2199 6689 5148 3702 7519 6141 3534 4236 2507 2258 6884 1726 1879 5820 4238 8106 5086 3596 359 4490 2751 5067 2283 3523 2980 5672 4594 3312 477 3842 3387 1474 7053
1965 6256 2926 2091 2910 833 2252 1970 576 1370 2987 2622 2763 4635 765 1719 2927 6275 1617 330 657 4744 2764 4706 2610 4924 6900 2520 3306 365 3118 2940 2123 1735 2562 5061 1633 535 5116 2301 1181 737 1447 715 5042 1675 7443 1166 1143 3269 4431 0 3223 1312 4076 3861 2054 311 1738 3001 1069 1781 3230 1846 5282 1387 4787 501 2775 2831 941 1756 7658 2645 902 4192 2308 2180 3143 4154 4097 1665 211 4588 978 4954 4477 1086 2205 3403 4424 1373 1680 1650 818 2486 4788 637 1734 3346 3258
1289 8289 2153 2422 2177 2728 2408 2420 2973 2418 3476 4067 2221 3190 3987 2457 2892 8204 1882 3094 2910 6857 4651 3760 3998 2007 5130 2382 2541 3545 108 290 1816 2354 4523 4032 1782 3079 4053 2911 2335 2505 2524 3167 2269 1581 4428 2394 2527 3105 2008 3223 0 2567 2488 1754 1437 3480 1697 281 3888 1895 2015 2703 2173 2018 5998 3679 451 4917 4121 1919 5937 4300 2479 4979 2424 1641 5065 3086 3170 4238 3085 6192 3573 2224 1817 2871 1050 3060 3654 1953 2464 4043 3069 1354 2102 2812 1680 565 5243
1633 7542 1641 780 1622 481 942 659 753 150 1795 3689 1468 3333 1900 408 1632 7549 1779 997 665 6028 3961 3398 3658 4520 7109 2965 1999 1659 2479 2285 2320 2257 3766 3753 803 832 3807 1051 362 1143 136 779 4724 1109 6391 306 204 3850 3286 1312 2567 0 2805 2696 1140 1373 875 2433 2372 700 1973 575 4740 1588 5901 1517 2145 4074 1870 1987 7904 3776 554 3191 998 1075 4364 2844 2786 2954 1102 5785 2224 4657 3395 1978 1800 3935 3120 1468 369 2902 1870 2435 3691 678 1741 2481 4496
2990 10117 1166 2064 1187 3259 1909 2175 3549 2718 2126 5983 1348 712 4705 2413 1588 10084 3622 3785 3461 8614 6428 1310 5930 4085 7521 4588 932 4438 2512 2450 3887 4230 6256 1551 2567 3635 1567 2164 2900 3633 2674 3573 4431 2752 3963 2911 2943 5432 1033 4076 2488 2805 0 780 2235 4175 2479 2663 5088 2326 851 2413 3912 3600 8120 4321 2496 6616 4653 3777 8318 6152 3186 3210 1863 1967 6853 708 853 5622 3870 8171 4872 4427 1373 4383 2889 5424 1287 3468 2450 5513 4416 3591 1490 3447 3438 1930 7010
2461 9680 1238 2074 1270 3095 1949 2158 3391 2579 2542 5488 1423 1449 4556 2356 1928 9629 3123 3605 3305 8194 5984 2089 5429 3311 6744 3980 1304 4225 1792 1759 3306 3715 5824 2322 2248 3488 2334 2344 2693 3311 2581 3471 3654 2341 3728 2720 2789 4787 593 3861 1754 2696 780 0 1850 4013 2146 1957 4802 2085 865 2448 3163 3145 7568 4181 1834 6200 4561 3253 7539 5680 2961 3822 1920 1682 6410 1465 1590 5290 3665 7672 4549 3649 792 3981 2317 4764 2051 3023 2387 5153 4065 2954 1038 3264 2925 1190 6575
874 7885 1277 1075 1282 1382 1116 1038 1662 992 2266 3756 1219 2900 2789 1031 1790 7850 1418 1838 1585 6386 4194 3215 3705 3421 6251 2513 1749 2413 1355 1162 1791 2027 4024 3551 424 1767 3592 1586 964 1462 1088 1812 3651 517 5393 1013 1130 3408 2397 2054 1437 1140 2235 1850 0 2249 320 1334 2954 459 1418 1294 3609 1370 5918 2435 1038 4388 2853 1597 7058 3919 1181 3795 1152 354 4619 2552 2562 3442 1873 5942 2700 3592 2424 2156 903 3443 3005 1235 1034 3311 2218 1670 2736 1512 1257 1357 4778
2240 6304 3013 2143 2994 923 2305 2024 628 1460 2928 2825 2841 4702 544 1775 2934 6337 1922 412 716 4799 2905 4724 2820 5216 7207 2825 3365 368 3376 3194 2433 2042 2701 5077 1825 542 5135 2285 1322 1027 1506 648 5340 1912 7639 1293 1237 3560 4592 311 3480 1373 4175 4013 2249 0 1929 3266 1136 1930 3337 1857 5562 1691 4954 202 3030 2939 649 2065 7963 2823 1069 4050 2359 2335 3265 4201 4133 1743 395 4715 1135 5254 4658 1373 2478 3698 4433 1670 1737 1771 1085 2790 4966 750 2033 3570 3367
869 7641 1439 1012 1437 1069 1098 943 1345 728 2236 3553 1342 3120 2469 861 1831 7614 1279 1519 1269 6136 3960 3378 3506 3646 6348 2438 1901 2098 1606 1412 1727 1872 3784 3723 105 1451 3767 1510 655 1170 849 1503 3857 365 5712 708 834 3340 2703 1738 1697 875 2479 2146 320 1929 0 1559 2657 304 1640 1143 3867 1184 5739 2116 1270 4139 2535 1476 7152 3701 862 3750 1145 515 4383 2734 2727 3160 1554 5731 2413 3792 2740 1908 979 3392 3149 1044 853 3040 1943 1699 3051 1194 1153 1666 4537
1045 8010 2210 2372 2231 2552 2376 2355 2784 2286 3480 3788 2255 3371 3764 2364 2919 7927 1612 2890 2725 6576 4370 3909 3719 2090 5057 2112 2626 3314 188 227 1536 2074 4243 4194 1634 2889 4218 2873 2174 2274 2403 2990 2318 1394 4705 2236 2374 2856 2254 3001 281 2433 2663 1957 1334 3266 1559 0 3631 1788 2118 2625 2326 1758 5731 3467 298 4637 3912 1642 5866 4020 2294 5000 2398 1587 4785 3228 3301 3968 2872 5916 3312 2261 2081 2603 803 2820 3784 1700 2367 3771 2809 1079 2371 2622 1413 785 4962
2604 5190 3955 3149 3942 1892 3309 3027 1644 2417 4045 1834 3801 5672 936 2778 3995 5213 2038 1396 1725 3679 1795 5769 1849 5319 6737 2458 4354 771 3781 3627 2366 1805 1591 6124 2557 1597 6179 3369 2196 1494 2506 1755 5368 2492 8258 2194 2193 2966 5349 1069 3888 2372 5088 4802 2954 1136 2657 3631 0 2764 4238 2914 5763 1873 3860 1139 3463 1806 1271 2076 7446 1771 1908 5182 3366 3144 2137 5206 5155 608 1276 3586 339 5268 5353 1075 2840 3134 5490 1938 2738 662 823 2844 5668 1694 2225 4126 2233
1171 7824 1225 709 1218 1019 800 640 1313 554 1933 3784 1103 2936 2473 582 1543 7806 1561 1521 1228 6314 4160 3144 3741 3877 6642 2732 1670 2145 1813 1620 2025 2141 3979 3493 321 1413 3540 1207 609 1314 634 1424 4102 664 5731 640 728 3635 2663 1781 1895 700 2326 2085 459 1930 304 1788 2764 0 1476 857 4066 1445 5982 2102 1493 4323 2498 1763 7447 3918 879 3447 849 406 4580 2517 2498 3297 1582 5950 2547 4041 2739 2107 1270 3690 2903 1306 581 3196 2103 2001 3043 1180 1446 1782 4729
2228 9280 380 1268 411 2417 1126 1368 2710 1878 1707 5173 572 1484 3871 1594 1083 9253 2829 2942 2622 7775 5598 1844 5122 3871 7144 3862 541 3592 2006 1891 3146 3439 5423 2163 1724 2798 2199 1484 2051 2785 1846 2748 4186 1932 4565 2064 2102 4734 1434 3230 2015 1973 851 865 1418 3337 1640 2118 4238 1476 0 1635 3828 2787 7333 3488 1890 5778 3836 2998 7950 5332 2337 3082 1089 1126 6022 1162 1205 4773 3024 7358 4023 4161 1655 3547 2164 4744 1681 2651 1629 4667 3571 2910 1897 2603 2656 1526 6176
2001 8097 1265 374 1239 1035 510 307 1272 608 1226 4262 1074 2872 2352 286 1082 8109 2272 1521 1190 6584 4533 2868 4231 4704 7490 3465 1537 2177 2630 2442 2789 2790 4337 3222 1118 1330 3279 477 894 1713 460 1216 4942 1472 6175 853 778 4361 3039 1846 2703 575 2413 2448 1294 1857 1143 2625 2914 857 1635 0 4855 2103 6475 1970 2327 4640 2259 2481 8293 4350 1125 2666 552 1069 4934 2353 2279 3506 1639 6357 2785 4884 3202 2550 2121 4435 2581 1974 303 3465 2443 2830 3478 1230 2202 2496 5064
3323 9394 4089 4549 4119 4878 4510 4561 5106 4591 5482 5381 4209 4471 6036 4619 4863 9251 3745 5199 5049 8108 6045 5193 5303 621 3965 3618 4362 5569 2262 2456 3416 4002 5973 5364 3949 5210 5360 5011 4497 4545 4696 5315 904 3719 3504 4558 4694 3903 2969 5282 2173 4740 3912 3163 3609 5562 3867 2326 5763 4066 3828 4855 0 3944 6831 5763 2601 6362 6210 3688 4695 5656 4618 6910 4516 3787 6411 4617 4749 5981 5171 7223 5427 987 2613 4691 3088 3764 5199 3924 4629 5749 4953 2922 2671 4944 3582 2395 6594
748 6538 2618 2111 2617 1353 2230 2013 1429 1505 3310 2387 2526 4269 2113 1836 2983 6495 235 1408 1417 5050 2842 4560 2336 3553 5635 1379 3083 1636 1911 1764 786 699 2681 4903 1129 1509 4946 2553 1229 683 1663 1687 3659 856 6417 1283 1406 2263 3636 1387 2018 1588 3600 3145 1370 1691 1184 1758 1873 1445 2787 2103 3944 0 4558 1887 1602 3056 2327 419 6416 2554 1100 4766 2282 1681 3268 3909 3908 2235 1331 4573 1556 3569 3584 869 974 2347 4333 140 1809 2059 1052 1100 3898 1292 363 2299 3432
5132 2664 7175 6589 7174 5469 6728 6477 5313 5881 7692 2214 7078 8808 4783 6256 7480 2471 4505 5096 5372 1863 2068 9117 2249 6217 5331 3620 7639 4591 5918 5876 4263 3895 2271 9460 5676 5305 9504 6951 5601 4765 6018 5498 6028 5411 10174 5632 5698 2981 7964 4787 5998 5901 8120 7568 5918 4954 5739 5731 3860 5982 7333 6475 6831 4558 0 4991 5766 2140 5107 4343 5715 2144 5350 8978 6784 6238 1790 8466 8465 3297 4956 726 3822 5921 7811 3926 5254 3092 8884 4697 6221 3200 4049 4656 8100 5292 4683 6495 1772
2442 6257 3156 2273 3136 1087 2435 2157 791 1614 2993 2896 2980 4832 385 1911 3037 6300 2117 598 877 4759 2930 4827 2896 5416 7377 2993 3493 423 3575 3393 2622 2214 2726 5179 2011 694 5238 2379 1496 1227 1647 756 5539 2109 7822 1463 1396 3707 4763 501 3679 1517 4321 4181 2435 202 2116 3467 1139 2102 3488 1970 5763 1887 4991 0 3229 2941 447 2255 8129 2875 1254 4052 2487 2508 3274 4322 4248 1736 596 4723 1196 5452 4837 1523 2679 3850 4533 1869 1873 1793 1222 2986 5144 927 2231 3763 3367
859 7982 1952 2076 1971 2284 2083 2058 2525 1997 3195 3759 1984 3207 3539 2068 2643 7910 1488 2644 2463 6530 4315 3709 3694 2385 5326 2156 2382 3099 348 167 1517 2007 4177 4005 1349 2631 4032 2578 1897 2059 2111 2723 2615 1133 4817 1957 2093 2954 2199 2775 451 2145 2496 1834 1038 3030 1270 298 3463 1493 1890 2327 2601 1602 5766 3229 0 4568 3671 1554 6135 3978 2032 4718 2106 1291 4735 3025 3087 3834 2635 5915 3153 2559 2070 2465 629 2935 3568 1526 2071 3649 2647 1123 2374 2364 1281 742 4910
3770 3503 5548 4826 5540 3606 4980 4706 3396 4089 5814 1011 5417 7255 2689 4465 5704 3486 3102 3157 3468 1999 339 7440 1088 5810 6199 2745 5983 2571 4817 4714 3113 2566 397 7794 4055 3365 7844 5110 3832 3015 4203 3540 5743 3875 9332 3847 3879 2671 6689 2831 4917 4074 6616 6200 4388 2939 4139 4637 1806 4323 5778 4640 6362 3056 2140 2941 4568 0 3000 3015 6788 727 3552 6987 5037 4653 351 6836 6805 1205 3024 1785 1860 5634 6617 2234 3960 2854 7177 3177 4427 1182 2229 3612 6928 3413 3308 5303 429
2888 6182 3489 2591 3467 1481 2748 2479 1192 1983 3170 3100 3306 5130 338 2244 3292 6245 2554 1030 1273 4708 3040 5072 3110 5862 7762 3382 3795 754 4018 3834 3048 2614 2839 5420 2432 1088 5481 2626 1899 1673 1992 1092 5982 2547 8228 1860 1776 4055 5148 941 4121 1870 4653 4561 2853 649 2535 3912 1271 2498 3836 2259 6210 2327 5107 447 3671 3000 0 2686 8505 3041 1676 4087 2798 2902 3346 4603 4518 1811 1041 4780 1432 5894 5236 1893 3125 4206 4770 2313 2208 1925 1580 3425 5540 1341 2674 4192 3417
794 6447 2872 2455 2875 1771 2561 2365 1844 1894 3670 2237 2801 4466 2447 2206 3305 6385 210 1810 1834 4983 2766 4811 2177 3257 5219 985 3343 1965 1815 1701 374 464 2625 5146 1442 1920 5186 2918 1626 1086 2053 2102 3334 1118 6346 1684 1811 1883 3702 1756 1919 1987 3777 3253 1597 2065 1476 1642 2076 1763 2998 2481 3688 419 4343 2255 1554 3015 2686 0 5998 2440 1515 5147 2611 1936 3188 4145 4158 2344 1722 4419 1741 3240 3609 1005 953 1954 4600 521 2182 2136 1268 774 3918 1709 342 2289 3361
6295 8218 8074 8130 8096 7762 8171 8081 7839 7784 9312 5925 8118 8967 8201 8009 8777 7965 6190 7782 7832 7559 6475 9625 5867 4306 810 5139 8477 7753 5953 6090 5632 5924 6555 9855 7177 7911 9864 8640 7553 7073 7936 8098 3942 6827 7840 7617 7756 4481 7519 7658 5937 7904 8318 7539 7058 7963 7152 5866 7446 7447 7950 8293 4695 6416 5715 8129 6135 6788 8505 5998 0 6162 7497 10842 8203 7379 6592 8976 9078 7252 7677 6413 7161 3923 7184 6614 6177 4317 9558 6502 7997 7007 6926 5473 7305 7707 6180 6442 6724
3223 4008 5135 4487 5131 3334 4632 4372 3170 3765 5560 284 5021 6815 2706 4143 5377 3949 2557 2953 3230 2557 394 7062 362 5097 5543 2049 5588 2465 4204 4116 2484 1978 398 7411 3627 3162 7458 4826 3491 2653 3896 3355 5022 3402 8689 3516 3573 1948 6141 2645 4300 3776 6152 5680 3919 2823 3701 4020 1771 3918 5332 4350 5656 2554 2144 2875 3978 727 3041 2440 6162 0 3229 6835 4689 4213 771 6431 6415 1285 2812 2032 1688 4913 6045 1820 3392 2132 6814 2685 4107 1119 1911 2967 6351 3153 2757 4719 953
1342 7036 2048 1275 2035 276 1428 1155 496 539 2348 3137 1896 3766 1611 917 2156 7035 1313 658 432 5522 3425 3893 3106 4332 6709 2472 2453 1267 2380 2190 1871 1734 3233 4247 758 602 4299 1602 289 590 668 699 4501 901 6571 295 350 3340 3534 902 2479 554 3186 2961 1181 1069 862 2294 1908 879 2337 1125 4618 1100 5350 1254 2032 3552 1676 1515 7497 3229 0 3730 1486 1279 3834 3307 3265 2465 705 5245 1721 4424 3591 1426 1555 3435 3626 998 880 2391 1332 2068 3900 337 1321 2517 3970
4617 10269 2844 2740 2817 3552 2679 2809 3673 3262 1531 6793 2759 3036 4348 2942 2088 10329 4937 3883 3620 8790 6949 2400 6773 6929 10033 6131 2551 4417 4941 4782 5449 5446 6746 2575 3749 3674 2635 2242 3543 4311 3105 3480 7227 4104 7009 3493 3388 7026 4236 4192 4979 3191 3210 3822 3795 4050 3750 5000 5182 3447 3082 2666 6910 4766 8978 4052 4718 6987 4087 5147 10842 6835 3730 0 2644 3465 7314 2569 2404 5786 4023 8764 5165 7192 4558 5118 4693 7100 2161 4638 2965 5819 4945 5444 4699 3711 4862 4568 7415
1993 8521 715 218 688 1476 58 339 1747 953 1114 4575 523 2345 2871 590 702 8520 2409 1993 1660 7006 4903 2409 4536 4426 7395 3580 1007 2656 2367 2192 2871 2981 4713 2764 1170 1820 2817 495 1207 2038 862 1732 4691 1509 5644 1191 1173 4483 2507 2308 2424 998 1863 1920 1152 2359 1145 2398 3366 849 1089 552 4516 2282 6784 2487 2106 5037 2798 2611 8203 4689 1486 2644 0 826 5315 1847 1790 3941 2098 6715 3202 4644 2690 2870 2052 4536 2141 2144 629 3876 2812 2812 2956 1674 2295 2124 5454
1228 8155 940 786 941 1424 797 779 1718 938 1935 4061 868 2606 2878 845 1440 8128 1751 1925 1634 6650 4474 2883 4012 3647 6570 2864 1409 2544 1574 1390 2142 2355 4298 3223 601 1818 3266 1288 1014 1670 986 1823 3897 829 5329 1045 1129 3760 2258 2180 1641 1075 1967 1682 354 2335 515 1587 3144 406 1126 1069 3787 1681 6238 2508 1291 4653 2902 1936 7379 4213 1279 3465 826 0 4897 2229 2230 3662 1983 6241 2913 3844 2336 2422 1249 3796 2665 1543 861 3548 2451 2020 2639 1585 1599 1441 5051
3962 3271 5804 5107 5797 3902 5257 4988 3702 4372 6119 1033 5679 7502 3032 4750 5989 3232 3293 3467 3772 1796 426 7711 1110 5844 6030 2815 6246 2897 4968 4875 3250 2729 603 8063 4302 3676 8113 5406 4109 3282 4491 3855 5755 4104 9459 4127 4167 2625 6884 3143 5065 4364 6853 6410 4619 3265 4383 4785 2137 4580 6022 4934 6411 3268 1790 3274 4735 351 3346 3188 6592 771 3834 7314 5315 4897 0 7097 7071 1544 3332 1451 2167 5645 6797 2477 4140 2802 7453 3395 4712 1497 2503 3737 7105 3711 3497 5475 184
3385 10333 1296 2064 1301 3321 1903 2185 3593 2790 1714 6287 1419 570 4704 2436 1330 10320 3969 3840 3507 8821 6677 685 6239 4774 8176 5023 855 4502 3096 3006 4306 4578 6495 1003 2805 3665 1041 1990 3020 3821 2709 3566 5114 3056 4476 3016 3014 5896 1726 4154 3086 2844 708 1465 2552 4201 2734 3228 5206 2517 1162 2353 4617 3909 8466 4322 3025 6836 4603 4145 8976 6431 3307 2569 1847 2229 7097 0 166 5772 3944 8462 5028 5106 2074 4623 3326 5905 587 3771 2475 5693 4609 4069 2165 3518 3804 2547 7244
