{
    "instance_name": "C108",
    "instance_origin": "Solomon1987",
    "benchmark_name": "Dimacs2021",
    "num_customers": 50,
    "num_vehicles": 25,
    "vehicle_capacity": 200,
    "coordinates": [
        [40, 50],
        [45, 68],
        [45, 70],
        [42, 66],
        [42, 68],
        [42, 65],
        [40, 69],
        [40, 66],
        [38, 68],
        [38, 70],
        [35, 66],
        [35, 69],
        [25, 85],
        [22, 75],
        [22, 85],
        [20, 80],
        [20, 85],
        [18, 75],
        [15, 75],
        [15, 80],
        [30, 50],
        [30, 52],
        [28, 52],
        [28, 55],
        [25, 50],
        [25, 52],
        [25, 55],
        [23, 52],
        [23, 55],
        [20, 50],
        [20, 55],
        [10, 35],
        [10, 40],
        [8, 40],
        [8, 45],
        [5, 35],
        [5, 45],
        [2, 40],
        [0, 40],
        [0, 45],
        [35, 30],
        [35, 32],
        [33, 32],
        [33, 35],
        [32, 30],
        [30, 30],
        [30, 32],
        [30, 35],
        [28, 30],
        [28, 35],
        [26, 32]
    ],
    "demands": [0, 10, 30, 10, 10, 10, 20, 20, 20, 10, 10, 10, 20, 30, 10, 40, 40, 20, 20, 10, 10, 20, 20, 10, 10, 40, 10, 10, 20, 10, 10, 20, 30, 40, 20, 10, 10, 20, 30, 20, 10, 10, 20, 10, 10, 10, 30, 10, 10, 10, 10],
    "service_times": [0, 900, 900, 900, 900, 900, 900, 900, 900, 900, 900, 900, 900, 900, 900, 900, 900, 900, 900, 900, 900, 900, 900, 900, 900, 900, 900, 900, 900, 900, 900, 900, 900, 900, 900, 900, 900, 900, 900, 900, 900, 900, 900, 900, 900, 900, 900, 900, 900, 900, 900],
    "time_windows": [
        [0, 12360],
        [8300, 10490],
        [7560, 9390],
        [160, 3360],
        [6430, 8660],
        [150, 2260],
        [4990, 8240],
        [870, 3080],
        [1500, 4290],
        [4290, 7100],
        [2790, 4880],
        [3630, 5900],
        [5470, 8260],
        [300, 2800],
        [4890, 6980],
        [3180, 4950],
        [3940, 6090],
        [330, 2260],
        [680, 3650],
        [1760, 4470],
        [100, 2650],
        [8360, 10430],
        [7040, 9910],
        [6640, 8450],
        [150, 3330],
        [880, 3050],
        [5020, 8210],
        [1790, 3980],
        [4760, 6630],
        [2880, 4750],
        [3680, 5850],
        [1440, 2930],
        [310, 3090],
        [330, 3130],
        [6550, 9120],
        [1910, 4360],
        [5880, 7930],
        [3050, 5120],
        [4140, 5870],
        [4810, 7100],
        [1800, 4050],
        [630, 3380],
        [190, 3450],
        [160, 2730],
        [2780, 4930],
        [4530, 6880],
        [3550, 6020],
        [8370, 11270],
        [5390, 7860],
        [8670, 11260],
        [7190, 9760]
    ],
    "depot": 0,
    "arc_costs": [
        [0, 186, 206, 161, 181, 151, 190, 160, 181, 200, 167, 196, 380, 308, 393, 360, 403, 333, 353, 390, 100, 101, 121, 130, 150, 151, 158, 171, 177, 200, 206, 335, 316, 335, 323, 380, 353, 392, 412, 403, 206, 186, 193, 165, 215, 223, 205, 180, 233, 192, 228],
        [186, 0, 20, 36, 30, 42, 50, 53, 70, 72, 101, 100, 262, 240, 286, 277, 302, 278, 308, 323, 234, 219, 233, 214, 269, 256, 238, 272, 255, 308, 281, 481, 448, 464, 435, 518, 461, 513, 530, 505, 392, 373, 379, 351, 401, 408, 390, 362, 416, 371, 407],
        [206, 20, 0, 50, 36, 58, 50, 64, 72, 70, 107, 100, 250, 235, 274, 269, 291, 274, 304, 316, 250, 234, 247, 226, 282, 269, 250, 284, 266, 320, 291, 494, 460, 476, 446, 531, 471, 524, 540, 514, 412, 392, 398, 370, 420, 427, 408, 380, 434, 389, 424],
        [161, 36, 50, 0, 20, 10, 36, 20, 44, 56, 70, 76, 254, 219, 275, 260, 290, 256, 284, 304, 200, 184, 197, 178, 233, 220, 202, 236, 219, 272, 245, 445, 412, 428, 399, 482, 425, 477, 493, 469, 366, 347, 351, 322, 373, 379, 360, 332, 386, 340, 375],
        [181, 30, 36, 20, 0, 30, 22, 28, 40, 44, 72, 70, 240, 211, 262, 250, 278, 250, 278, 295, 216, 200, 212, 191, 247, 233, 214, 248, 230, 284, 255, 459, 425, 440, 410, 495, 435, 488, 504, 478, 386, 366, 371, 342, 392, 398, 379, 351, 404, 358, 393],
        [151, 42, 58, 10, 30, 0, 44, 22, 50, 64, 70, 80, 262, 223, 282, 266, 297, 260, 287, 308, 192, 176, 191, 172, 226, 214, 197, 230, 214, 266, 241, 438, 406, 422, 394, 476, 420, 471, 488, 465, 356, 337, 342, 313, 364, 370, 351, 323, 376, 331, 366],
        [190, 50, 50, 36, 22, 44, 0, 30, 22, 22, 58, 50, 219, 189, 240, 228, 256, 228, 257, 273, 214, 197, 208, 184, 242, 226, 205, 240, 220, 275, 244, 453, 417, 431, 400, 487, 424, 478, 494, 466, 393, 373, 376, 347, 398, 402, 383, 354, 408, 360, 395],
        [160, 53, 64, 20, 28, 22, 30, 0, 28, 44, 50, 58, 242, 201, 261, 244, 275, 237, 265, 286, 188, 172, 184, 162, 219, 205, 186, 220, 202, 256, 228, 431, 396, 412, 382, 467, 408, 460, 477, 451, 363, 343, 347, 317, 368, 373, 354, 325, 379, 332, 367],
        [181, 70, 72, 44, 40, 50, 22, 28, 0, 20, 36, 31, 214, 174, 233, 216, 247, 211, 240, 259, 196, 178, 188, 164, 222, 206, 183, 219, 198, 254, 222, 432, 395, 410, 378, 466, 402, 456, 472, 444, 381, 361, 363, 333, 384, 388, 368, 339, 392, 344, 379],
        [200, 72, 70, 56, 44, 64, 22, 44, 20, 0, 50, 31, 198, 167, 219, 205, 234, 206, 235, 250, 215, 196, 205, 180, 238, 222, 198, 234, 212, 269, 234, 448, 410, 424, 390, 481, 414, 468, 484, 454, 401, 381, 383, 353, 404, 407, 388, 359, 412, 364, 398],
        [167, 101, 107, 70, 72, 70, 58, 50, 36, 50, 0, 30, 214, 158, 230, 205, 242, 192, 219, 244, 167, 148, 156, 130, 188, 172, 148, 184, 162, 219, 186, 398, 360, 374, 342, 431, 366, 420, 436, 408, 360, 340, 340, 310, 361, 363, 343, 314, 366, 317, 351],
        [196, 100, 100, 76, 70, 80, 50, 58, 31, 31, 30, 0, 188, 143, 206, 186, 219, 180, 208, 228, 196, 177, 183, 156, 214, 197, 172, 208, 184, 242, 205, 422, 382, 396, 361, 453, 384, 439, 454, 424, 390, 370, 370, 340, 391, 393, 373, 343, 396, 347, 380],
        [380, 262, 250, 254, 240, 262, 219, 242, 214, 198, 214, 188, 0, 104, 30, 70, 50, 122, 141, 111, 353, 333, 331, 301, 350, 330, 300, 330, 300, 353, 304, 522, 474, 481, 434, 538, 447, 505, 514, 471, 559, 539, 536, 506, 554, 552, 532, 502, 550, 500, 530],
        [308, 240, 235, 219, 211, 223, 189, 201, 174, 167, 158, 143, 104, 0, 100, 53, 101, 40, 70, 86, 262, 243, 237, 208, 251, 231, 202, 230, 200, 250, 200, 417, 370, 376, 331, 434, 344, 403, 413, 372, 468, 449, 443, 414, 460, 457, 437, 407, 453, 404, 431],
        [393, 286, 274, 275, 262, 282, 240, 261, 233, 219, 230, 206, 30, 100, 0, 53, 20, 107, 122, 86, 359, 339, 335, 305, 351, 331, 301, 330, 300, 350, 300, 514, 465, 471, 423, 528, 434, 492, 500, 456, 565, 545, 541, 511, 559, 555, 536, 506, 553, 503, 531],
        [360, 277, 269, 260, 250, 266, 228, 244, 216, 205, 205, 186, 70, 53, 53, 0, 50, 53, 70, 50, 316, 297, 291, 262, 304, 284, 254, 281, 251, 300, 250, 460, 412, 417, 370, 474, 380, 438, 447, 403, 522, 502, 497, 468, 514, 509, 490, 460, 506, 457, 483],
        [403, 302, 291, 290, 278, 297, 256, 275, 247, 234, 242, 219, 50, 101, 20, 50, 0, 101, 111, 70, 364, 344, 339, 310, 353, 333, 304, 331, 301, 350, 300, 509, 460, 465, 417, 522, 427, 484, 492, 447, 570, 550, 545, 516, 562, 559, 539, 509, 555, 506, 533],
        [333, 278, 274, 256, 250, 260, 228, 237, 211, 206, 192, 180, 122, 40, 107, 53, 101, 0, 30, 58, 277, 259, 250, 223, 259, 240, 211, 235, 206, 250, 200, 407, 359, 364, 316, 420, 326, 384, 393, 349, 481, 462, 455, 427, 471, 465, 446, 417, 460, 412, 437],
        [353, 308, 304, 284, 278, 287, 257, 265, 240, 235, 219, 208, 141, 70, 122, 70, 111, 30, 0, 50, 291, 274, 264, 238, 269, 250, 223, 243, 215, 254, 206, 403, 353, 356, 308, 412, 316, 373, 380, 335, 492, 474, 466, 438, 481, 474, 455, 427, 468, 420, 443],
        [390, 323, 316, 304, 295, 308, 273, 286, 259, 250, 244, 228, 111, 86, 86, 50, 70, 58, 50, 0, 335, 317, 308, 281, 316, 297, 269, 291, 262, 304, 254, 452, 403, 406, 356, 460, 364, 420, 427, 380, 538, 520, 512, 484, 528, 522, 502, 474, 516, 468, 492],
        [100, 234, 250, 200, 216, 192, 214, 188, 196, 215, 167, 196, 353, 262, 359, 316, 364, 277, 291, 335, 0, 20, 28, 53, 50, 53, 70, 72, 86, 100, 111, 250, 223, 241, 225, 291, 254, 297, 316, 304, 206, 186, 182, 152, 200, 200, 180, 150, 200, 151, 184],
        [101, 219, 234, 184, 200, 176, 197, 172, 178, 196, 148, 177, 333, 243, 339, 297, 344, 259, 274, 317, 20, 0, 20, 36, 53, 50, 58, 70, 76, 101, 104, 262, 233, 250, 230, 302, 259, 304, 323, 308, 225, 206, 202, 172, 220, 220, 200, 170, 220, 171, 203],
        [121, 233, 247, 197, 212, 191, 208, 184, 188, 205, 156, 183, 331, 237, 335, 291, 339, 250, 264, 308, 28, 20, 0, 30, 36, 30, 42, 50, 58, 82, 85, 247, 216, 233, 211, 286, 240, 286, 304, 288, 230, 211, 206, 177, 223, 220, 200, 171, 220, 170, 200],
        [130, 214, 226, 178, 191, 172, 184, 162, 164, 180, 130, 156, 301, 208, 305, 262, 310, 223, 238, 281, 53, 36, 30, 0, 58, 42, 30, 58, 50, 94, 80, 269, 234, 250, 223, 304, 250, 300, 317, 297, 259, 240, 235, 206, 253, 250, 230, 200, 250, 200, 230],
        [150, 269, 282, 233, 247, 226, 242, 219, 222, 238, 188, 214, 350, 251, 351, 304, 353, 259, 269, 316, 50, 53, 36, 58, 0, 20, 50, 28, 53, 50, 70, 212, 180, 197, 177, 250, 206, 250, 269, 254, 223, 205, 196, 170, 211, 206, 186, 158, 202, 152, 180],
        [151, 256, 269, 220, 233, 214, 226, 205, 206, 222, 172, 197, 330, 231, 331, 284, 333, 240, 250, 297, 53, 50, 30, 42, 20, 0, 30, 20, 36, 53, 58, 226, 192, 208, 183, 262, 211, 259, 277, 259, 241, 223, 215, 187, 230, 225, 206, 177, 222, 172, 200],
        [158, 238, 250, 202, 214, 197, 205, 186, 183, 198, 148, 172, 300, 202, 301, 254, 304, 211, 223, 269, 70, 58, 42, 30, 50, 30, 0, 36, 20, 70, 50, 250, 212, 226, 197, 282, 223, 274, 291, 269, 269, 250, 243, 215, 259, 254, 235, 206, 251, 202, 230],
        [171, 272, 284, 236, 248, 230, 240, 220, 219, 234, 184, 208, 330, 230, 330, 281, 331, 235, 243, 291, 72, 70, 50, 58, 28, 20, 36, 0, 30, 36, 42, 214, 176, 192, 165, 247, 193, 241, 259, 240, 250, 233, 223, 197, 237, 230, 211, 183, 225, 177, 202],
        [177, 255, 266, 219, 230, 214, 220, 202, 198, 212, 162, 184, 300, 200, 300, 251, 301, 206, 215, 262, 86, 76, 58, 50, 53, 36, 20, 30, 0, 58, 30, 238, 198, 212, 180, 269, 205, 258, 274, 250, 277, 259, 250, 223, 265, 259, 240, 211, 254, 206, 231],
        [200, 308, 320, 272, 284, 266, 275, 256, 254, 269, 219, 242, 353, 250, 350, 300, 350, 250, 254, 304, 100, 101, 82, 94, 50, 53, 70, 36, 58, 0, 50, 180, 141, 156, 130, 212, 158, 205, 223, 206, 250, 234, 222, 198, 233, 223, 205, 180, 215, 170, 189],
        [206, 281, 291, 245, 255, 241, 244, 228, 222, 234, 186, 205, 304, 200, 300, 250, 300, 200, 206, 254, 111, 104, 85, 80, 70, 58, 50, 42, 30, 50, 0, 223, 180, 192, 156, 250, 180, 234, 250, 223, 291, 274, 264, 238, 277, 269, 250, 223, 262, 215, 237],
        [335, 481, 494, 445, 459, 438, 453, 431, 432, 448, 398, 422, 522, 417, 514, 460, 509, 407, 403, 452, 250, 262, 247, 269, 212, 226, 250, 214, 238, 180, 223, 0, 50, 53, 101, 50, 111, 94, 111, 141, 254, 251, 231, 230, 225, 206, 202, 200, 186, 180, 162],
        [316, 448, 460, 412, 425, 406, 417, 396, 395, 410, 360, 382, 474, 370, 465, 412, 460, 359, 353, 403, 223, 233, 216, 234, 180, 192, 212, 176, 198, 141, 180, 50, 0, 20, 53, 70, 70, 80, 100, 111, 269, 262, 243, 235, 241, 223, 215, 206, 205, 186, 178],
        [335, 464, 476, 428, 440, 422, 431, 412, 410, 424, 374, 396, 481, 376, 471, 417, 465, 364, 356, 406, 241, 250, 233, 250, 197, 208, 226, 192, 212, 156, 192, 53, 20, 0, 50, 58, 58, 60, 80, 94, 287, 281, 262, 254, 260, 241, 234, 225, 223, 206, 196],
        [323, 435, 446, 399, 410, 394, 400, 382, 378, 390, 342, 361, 434, 331, 423, 370, 417, 316, 308, 356, 225, 230, 211, 223, 177, 183, 197, 165, 180, 130, 156, 101, 53, 50, 0, 104, 30, 78, 94, 80, 308, 299, 281, 269, 283, 266, 255, 241, 250, 223, 222],
        [380, 518, 531, 482, 495, 476, 487, 467, 466, 481, 431, 453, 538, 434, 528, 474, 522, 420, 412, 460, 291, 302, 286, 304, 250, 262, 282, 247, 269, 212, 250, 50, 70, 58, 104, 0, 100, 58, 70, 111, 304, 301, 281, 280, 274, 254, 251, 250, 235, 230, 212],
        [353, 461, 471, 425, 435, 420, 424, 408, 402, 414, 366, 384, 447, 344, 434, 380, 427, 326, 316, 364, 254, 259, 240, 250, 206, 211, 223, 193, 205, 158, 180, 111, 70, 58, 30, 100, 0, 58, 70, 50, 335, 326, 308, 297, 308, 291, 281, 269, 274, 250, 246],
        [392, 513, 524, 477, 488, 471, 478, 460, 456, 468, 420, 439, 505, 403, 492, 438, 484, 384, 373, 420, 297, 304, 286, 300, 250, 259, 274, 241, 258, 205, 234, 94, 80, 60, 78, 58, 58, 0, 20, 53, 344, 339, 320, 314, 316, 297, 291, 284, 278, 264, 252],
        [412, 530, 540, 493, 504, 488, 494, 477, 472, 484, 436, 454, 514, 413, 500, 447, 492, 393, 380, 427, 316, 323, 304, 317, 269, 277, 291, 259, 274, 223, 250, 111, 100, 80, 94, 70, 70, 20, 0, 50, 364, 359, 339, 333, 335, 316, 310, 304, 297, 284, 272],
        [403, 505, 514, 469, 478, 465, 466, 451, 444, 454, 408, 424, 471, 372, 456, 403, 447, 349, 335, 380, 304, 308, 288, 297, 254, 259, 269, 240, 250, 206, 223, 141, 111, 94, 80, 111, 50, 53, 50, 0, 380, 373, 354, 344, 353, 335, 326, 316, 317, 297, 290],
        [206, 392, 412, 366, 386, 356, 393, 363, 381, 401, 360, 390, 559, 468, 565, 522, 570, 481, 492, 538, 206, 225, 230, 259, 223, 241, 269, 250, 277, 250, 291, 254, 269, 287, 308, 304, 335, 344, 364, 380, 0, 20, 28, 53, 30, 50, 53, 70, 70, 86, 92],
        [186, 373, 392, 347, 366, 337, 373, 343, 361, 381, 340, 370, 539, 449, 545, 502, 550, 462, 474, 520, 186, 206, 211, 240, 205, 223, 250, 233, 259, 234, 274, 251, 262, 281, 299, 301, 326, 339, 359, 373, 20, 0, 20, 36, 36, 53, 50, 58, 72, 76, 90],
        [193, 379, 398, 351, 371, 342, 376, 347, 363, 383, 340, 370, 536, 443, 541, 497, 545, 455, 466, 512, 182, 202, 206, 235, 196, 215, 243, 223, 250, 222, 264, 231, 243, 262, 281, 281, 308, 320, 339, 354, 28, 20, 0, 30, 22, 36, 30, 42, 53, 58, 70],
        [165, 351, 370, 322, 342, 313, 347, 317, 333, 353, 310, 340, 506, 414, 511, 468, 516, 427, 438, 484, 152, 172, 177, 206, 170, 187, 215, 197, 223, 198, 238, 230, 235, 254, 269, 280, 297, 314, 333, 344, 53, 36, 30, 0, 50, 58, 42, 30, 70, 50, 76],
        [215, 401, 420, 373, 392, 364, 398, 368, 384, 404, 361, 391, 554, 460, 559, 514, 562, 471, 481, 528, 200, 220, 223, 253, 211, 230, 259, 237, 265, 233, 277, 225, 241, 260, 283, 274, 308, 316, 335, 353, 30, 36, 22, 50, 0, 20, 28, 53, 40, 64, 63],
        [223, 408, 427, 379, 398, 370, 402, 373, 388, 407, 363, 393, 552, 457, 555, 509, 559, 465, 474, 522, 200, 220, 220, 250, 206, 225, 254, 230, 259, 223, 269, 206, 223, 241, 266, 254, 291, 297, 316, 335, 50, 53, 36, 58, 20, 0, 20, 50, 20, 53, 44],
        [205, 390, 408, 360, 379, 351, 383, 354, 368, 388, 343, 373, 532, 437, 536, 490, 539, 446, 455, 502, 180, 200, 200, 230, 186, 206, 235, 211, 240, 205, 250, 202, 215, 234, 255, 251, 281, 291, 310, 326, 53, 50, 30, 42, 28, 20, 0, 30, 28, 36, 40],
        [180, 362, 380, 332, 351, 323, 354, 325, 339, 359, 314, 343, 502, 407, 506, 460, 509, 417, 427, 474, 150, 170, 171, 200, 158, 177, 206, 183, 211, 180, 223, 200, 206, 225, 241, 250, 269, 284, 304, 316, 70, 58, 42, 30, 53, 50, 30, 0, 53, 20, 50],
        [233, 416, 434, 386, 404, 376, 408, 379, 392, 412, 366, 396, 550, 453, 553, 506, 555, 460, 468, 516, 200, 220, 220, 250, 202, 222, 251, 225, 254, 215, 262, 186, 205, 223, 250, 235, 274, 278, 297, 317, 70, 72, 53, 70, 40, 20, 28, 53, 0, 50, 28],
        [192, 371, 389, 340, 358, 331, 360, 332, 344, 364, 317, 347, 500, 404, 503, 457, 506, 412, 420, 468, 151, 171, 170, 200, 152, 172, 202, 177, 206, 170, 215, 180, 186, 206, 223, 230, 250, 264, 284, 297, 86, 76, 58, 50, 64, 53, 36, 20, 50, 0, 36],
        [228, 407, 424, 375, 393, 366, 395, 367, 379, 398, 351, 380, 530, 431, 531, 483, 533, 437, 443, 492, 184, 203, 200, 230, 180, 200, 230, 202, 231, 189, 237, 162, 178, 196, 222, 212, 246, 252, 272, 290, 92, 90, 70, 76, 63, 44, 40, 50, 28, 36, 0]
    ],
    "metadata": {
        "metric_variant": "euclidean",
        "authors": "Marius M. Solomon"
    }
}
