{
    "instance_name": "C206",
    "instance_origin": "Solomon1987",
    "benchmark_name": "Dimacs2021",
    "num_customers": 50,
    "num_vehicles": 25,
    "vehicle_capacity": 700,
    "coordinates": [
        [40, 50],
        [52, 75],
        [45, 70],
        [62, 69],
        [60, 66],
        [42, 65],
        [16, 42],
        [58, 70],
        [34, 60],
        [28, 70],
        [35, 66],
        [35, 69],
        [25, 85],
        [22, 75],
        [22, 85],
        [20, 80],
        [20, 85],
        [18, 75],
        [15, 75],
        [15, 80],
        [30, 50],
        [30, 56],
        [28, 52],
        [14, 66],
        [25, 50],
        [22, 66],
        [8, 62],
        [23, 52],
        [4, 55],
        [20, 50],
        [20, 55],
        [10, 35],
        [10, 40],
        [8, 40],
        [8, 45],
        [5, 35],
        [5, 45],
        [2, 40],
        [0, 40],
        [0, 45],
        [36, 18],
        [35, 32],
        [33, 32],
        [33, 35],
        [32, 20],
        [30, 30],
        [34, 25],
        [30, 35],
        [36, 40],
        [48, 20],
        [26, 32]
    ],
    "demands": [0, 10, 30, 10, 10, 10, 20, 20, 20, 10, 10, 10, 20, 30, 10, 40, 40, 20, 20, 10, 10, 20, 20, 10, 10, 40, 10, 10, 20, 10, 10, 20, 30, 40, 20, 10, 10, 20, 30, 20, 10, 10, 20, 10, 10, 10, 30, 10, 10, 10, 10],
    "service_times": [0, 900, 900, 900, 900, 900, 900, 900, 900, 900, 900, 900, 900, 900, 900, 900, 900, 900, 900, 900, 900, 900, 900, 900, 900, 900, 900, 900, 900, 900, 900, 900, 900, 900, 900, 900, 900, 900, 900, 900, 900, 900, 900, 900, 900, 900, 900, 900, 900, 900, 900],
    "time_windows": [
        [0, 33900],
        [2130, 5680],
        [220, 5630],
        [10300, 14630],
        [11540, 15270],
        [150, 4020],
        [3310, 8220],
        [9650, 13400],
        [26530, 32800],
        [23850, 29760],
        [26280, 31130],
        [26030, 29520],
        [19850, 24120],
        [23100, 26590],
        [18460, 23650],
        [20770, 25140],
        [17630, 22640],
        [21430, 26380],
        [15600, 20830],
        [16890, 21440],
        [100, 6450],
        [26750, 32880],
        [120, 5050],
        [15190, 19260],
        [230, 3680],
        [23800, 27870],
        [13300, 19190],
        [930, 4840],
        [12680, 17850],
        [1680, 7870],
        [1700, 5950],
        [5850, 11360],
        [4480, 8970],
        [4990, 10300],
        [11900, 16610],
        [6660, 12450],
        [10760, 15890],
        [7720, 13290],
        [8900, 13950],
        [10360, 14390],
        [16120, 21850],
        [25990, 30760],
        [25290, 29620],
        [24630, 28420],
        [17450, 22400],
        [19320, 24370],
        [18840, 22930],
        [23480, 27710],
        [27150, 31560],
        [8120, 12810],
        [20180, 27250]
    ],
    "depot": 0,
    "arc_costs": [
        [0, 277, 206, 290, 256, 151, 252, 269, 116, 233, 167, 196, 380, 308, 393, 360, 403, 333, 353, 390, 100, 116, 121, 305, 150, 240, 341, 171, 363, 200, 206, 335, 316, 335, 323, 380, 353, 392, 412, 403, 322, 186, 193, 165, 310, 223, 257, 180, 107, 310, 228],
        [277, 0, 86, 116, 120, 141, 488, 78, 234, 245, 192, 180, 287, 300, 316, 323, 335, 340, 370, 373, 333, 290, 332, 390, 367, 313, 458, 370, 520, 406, 377, 580, 546, 562, 532, 617, 557, 610, 626, 600, 592, 462, 470, 442, 585, 500, 531, 456, 384, 551, 502],
        [206, 86, 0, 170, 155, 58, 403, 130, 148, 170, 107, 100, 250, 235, 274, 269, 291, 274, 304, 316, 250, 205, 247, 312, 282, 233, 378, 284, 436, 320, 291, 494, 460, 476, 446, 531, 471, 524, 540, 514, 527, 392, 398, 370, 516, 427, 463, 380, 313, 500, 424],
        [290, 116, 170, 0, 36, 203, 533, 41, 294, 340, 271, 270, 403, 404, 430, 434, 449, 444, 473, 482, 372, 345, 380, 480, 415, 401, 544, 425, 596, 460, 442, 621, 595, 612, 590, 663, 618, 666, 684, 664, 572, 458, 470, 446, 574, 504, 521, 466, 389, 509, 516],
        [256, 120, 155, 36, 0, 180, 501, 44, 266, 322, 250, 251, 398, 390, 424, 423, 442, 429, 458, 471, 340, 316, 349, 460, 384, 380, 521, 395, 570, 430, 414, 588, 563, 581, 560, 631, 588, 635, 653, 635, 536, 422, 434, 411, 538, 468, 485, 431, 353, 475, 480],
        [151, 141, 58, 203, 180, 0, 347, 167, 94, 148, 70, 80, 262, 223, 282, 266, 297, 260, 287, 308, 192, 150, 191, 280, 226, 200, 341, 230, 392, 266, 241, 438, 406, 422, 394, 476, 420, 471, 488, 465, 473, 337, 342, 313, 460, 370, 407, 323, 257, 453, 366],
        [252, 488, 403, 533, 501, 347, 0, 504, 254, 304, 306, 330, 439, 335, 434, 382, 431, 330, 330, 380, 161, 197, 156, 240, 120, 247, 215, 122, 176, 89, 136, 92, 63, 82, 85, 130, 114, 141, 161, 162, 312, 214, 197, 183, 272, 184, 247, 156, 200, 388, 141],
        [269, 78, 130, 41, 44, 167, 504, 0, 260, 300, 233, 230, 362, 363, 390, 392, 408, 403, 432, 441, 344, 313, 349, 441, 385, 362, 506, 393, 560, 429, 408, 594, 566, 583, 559, 635, 586, 635, 652, 631, 564, 444, 454, 430, 563, 488, 510, 448, 372, 509, 496],
        [116, 234, 148, 294, 266, 94, 254, 260, 0, 116, 60, 90, 265, 192, 277, 244, 286, 219, 242, 275, 107, 56, 100, 208, 134, 134, 260, 136, 304, 172, 148, 346, 312, 328, 300, 382, 326, 377, 394, 371, 420, 280, 280, 250, 400, 302, 350, 253, 200, 423, 291],
        [233, 245, 170, 340, 322, 148, 304, 300, 116, 0, 80, 70, 152, 78, 161, 128, 170, 111, 139, 164, 200, 141, 180, 145, 202, 72, 215, 186, 283, 215, 170, 393, 349, 360, 320, 418, 339, 396, 410, 375, 526, 386, 383, 353, 501, 400, 453, 350, 310, 538, 380],
        [167, 192, 107, 271, 250, 70, 306, 233, 60, 80, 0, 30, 214, 158, 230, 205, 242, 192, 219, 244, 167, 111, 156, 210, 188, 130, 272, 184, 328, 219, 186, 398, 360, 374, 342, 431, 366, 420, 436, 408, 480, 340, 340, 310, 460, 363, 410, 314, 260, 478, 351],
        [196, 180, 100, 270, 251, 80, 330, 230, 90, 70, 30, 0, 188, 143, 206, 186, 219, 180, 208, 228, 196, 139, 183, 212, 214, 133, 278, 208, 340, 242, 205, 422, 382, 396, 361, 453, 384, 439, 454, 424, 510, 370, 370, 340, 490, 393, 440, 343, 290, 506, 380],
        [380, 287, 250, 403, 398, 262, 439, 362, 265, 152, 214, 188, 0, 104, 30, 70, 50, 122, 141, 111, 353, 294, 331, 219, 350, 192, 286, 330, 366, 353, 304, 522, 474, 481, 434, 538, 447, 505, 514, 471, 678, 539, 536, 506, 653, 552, 606, 502, 463, 689, 530],
        [308, 300, 235, 404, 390, 223, 335, 363, 192, 78, 158, 143, 104, 0, 100, 53, 101, 40, 70, 86, 262, 206, 237, 120, 251, 90, 191, 230, 269, 250, 200, 417, 370, 376, 331, 434, 344, 403, 413, 372, 586, 449, 443, 414, 559, 457, 514, 407, 376, 608, 431],
        [393, 316, 274, 430, 424, 282, 434, 390, 277, 161, 230, 206, 30, 100, 0, 53, 20, 107, 122, 86, 359, 300, 335, 206, 351, 190, 269, 330, 349, 350, 300, 514, 465, 471, 423, 528, 434, 492, 500, 456, 684, 545, 541, 511, 657, 555, 611, 506, 471, 700, 531],
        [360, 323, 269, 434, 423, 266, 382, 392, 244, 128, 205, 186, 70, 53, 53, 0, 50, 53, 70, 50, 316, 260, 291, 152, 304, 141, 216, 281, 296, 300, 250, 460, 412, 417, 370, 474, 380, 438, 447, 403, 640, 502, 497, 468, 611, 509, 567, 460, 430, 662, 483],
        [403, 335, 291, 449, 442, 297, 431, 408, 286, 170, 242, 219, 50, 101, 20, 50, 0, 101, 111, 70, 364, 306, 339, 199, 353, 191, 259, 331, 340, 350, 300, 509, 460, 465, 417, 522, 427, 484, 492, 447, 688, 550, 545, 516, 660, 559, 616, 509, 477, 707, 533],
        [333, 340, 274, 444, 429, 260, 330, 403, 219, 111, 192, 180, 122, 40, 107, 53, 101, 0, 30, 58, 277, 224, 250, 98, 259, 98, 164, 235, 244, 250, 200, 407, 359, 364, 316, 420, 326, 384, 393, 349, 597, 462, 455, 427, 567, 465, 524, 417, 393, 626, 437],
        [353, 370, 304, 473, 458, 287, 330, 432, 242, 139, 219, 208, 141, 70, 122, 70, 111, 30, 0, 50, 291, 242, 264, 90, 269, 114, 147, 243, 228, 254, 206, 403, 353, 356, 308, 412, 316, 373, 380, 335, 607, 474, 466, 438, 575, 474, 534, 427, 408, 641, 443],
        [390, 373, 316, 482, 471, 308, 380, 441, 275, 164, 244, 228, 111, 86, 86, 50, 70, 58, 50, 0, 335, 283, 308, 140, 316, 156, 193, 291, 273, 304, 254, 452, 403, 406, 356, 460, 364, 420, 427, 380, 654, 520, 512, 484, 623, 522, 581, 474, 451, 684, 492],
        [100, 333, 250, 372, 340, 192, 161, 344, 107, 200, 167, 196, 353, 262, 359, 316, 364, 277, 291, 335, 0, 60, 28, 226, 50, 178, 250, 72, 264, 100, 111, 250, 223, 241, 225, 291, 254, 297, 316, 304, 325, 186, 182, 152, 300, 200, 253, 150, 116, 349, 184],
        [116, 290, 205, 345, 316, 150, 197, 313, 56, 141, 111, 139, 294, 206, 300, 260, 306, 224, 242, 283, 60, 0, 44, 188, 78, 128, 228, 80, 260, 116, 100, 290, 256, 272, 245, 326, 273, 322, 340, 319, 384, 245, 241, 212, 360, 260, 312, 210, 170, 402, 243],
        [121, 332, 247, 380, 349, 191, 156, 349, 100, 180, 156, 183, 331, 237, 335, 291, 339, 250, 264, 308, 28, 44, 0, 197, 36, 152, 223, 50, 241, 82, 85, 247, 216, 233, 211, 286, 240, 286, 304, 288, 349, 211, 206, 177, 322, 220, 276, 171, 144, 377, 200],
        [305, 390, 312, 480, 460, 280, 240, 441, 208, 145, 210, 212, 219, 120, 206, 152, 199, 98, 90, 140, 226, 188, 197, 0, 194, 80, 72, 166, 148, 170, 125, 312, 263, 266, 218, 322, 228, 286, 295, 252, 528, 399, 389, 363, 493, 393, 456, 348, 340, 572, 360],
        [150, 367, 282, 415, 384, 226, 120, 385, 134, 202, 188, 214, 350, 251, 351, 304, 353, 259, 269, 316, 50, 78, 36, 194, 0, 162, 208, 28, 215, 50, 70, 212, 180, 197, 177, 250, 206, 250, 269, 254, 338, 205, 196, 170, 308, 206, 265, 158, 148, 378, 180],
        [240, 313, 233, 401, 380, 200, 247, 362, 134, 72, 130, 133, 192, 90, 190, 141, 191, 98, 114, 156, 178, 128, 152, 80, 162, 0, 145, 140, 210, 161, 111, 332, 286, 295, 252, 353, 270, 328, 340, 304, 500, 364, 357, 328, 470, 368, 427, 320, 295, 528, 342],
        [341, 458, 378, 544, 521, 341, 215, 506, 260, 215, 272, 278, 286, 191, 269, 216, 259, 164, 147, 193, 250, 228, 223, 72, 208, 145, 0, 180, 80, 169, 138, 270, 220, 220, 170, 271, 172, 228, 234, 187, 521, 403, 390, 367, 483, 388, 452, 348, 356, 580, 349],
        [171, 370, 284, 425, 395, 230, 122, 393, 136, 186, 184, 208, 330, 230, 330, 281, 331, 235, 243, 291, 72, 80, 50, 166, 28, 140, 180, 0, 192, 36, 42, 214, 176, 192, 165, 247, 193, 241, 259, 240, 364, 233, 223, 197, 332, 230, 291, 183, 176, 406, 202],
        [363, 520, 436, 596, 570, 392, 176, 560, 304, 283, 328, 340, 366, 269, 349, 296, 340, 244, 228, 273, 264, 260, 241, 148, 215, 210, 80, 192, 0, 167, 160, 208, 161, 155, 107, 200, 100, 151, 155, 107, 489, 386, 370, 352, 448, 360, 424, 328, 353, 562, 318],
        [200, 406, 320, 460, 430, 266, 89, 429, 172, 215, 219, 242, 353, 250, 350, 300, 350, 250, 254, 304, 100, 116, 82, 170, 50, 161, 169, 36, 167, 0, 50, 180, 141, 156, 130, 212, 158, 205, 223, 206, 357, 234, 222, 198, 323, 223, 286, 180, 188, 410, 189],
        [206, 377, 291, 442, 414, 241, 136, 408, 148, 170, 186, 205, 304, 200, 300, 250, 300, 200, 206, 254, 111, 100, 85, 125, 70, 111, 138, 42, 160, 50, 0, 223, 180, 192, 156, 250, 180, 234, 250, 223, 403, 274, 264, 238, 370, 269, 331, 223, 219, 448, 237],
        [335, 580, 494, 621, 588, 438, 92, 594, 346, 393, 398, 422, 522, 417, 514, 460, 509, 407, 403, 452, 250, 290, 247, 312, 212, 332, 270, 214, 208, 180, 223, 0, 50, 53, 101, 50, 111, 94, 111, 141, 310, 251, 231, 230, 266, 206, 260, 200, 264, 408, 162],
        [316, 546, 460, 595, 563, 406, 63, 566, 312, 349, 360, 382, 474, 370, 465, 412, 460, 359, 353, 403, 223, 256, 216, 263, 180, 286, 220, 176, 161, 141, 180, 50, 0, 20, 53, 70, 70, 80, 100, 111, 340, 262, 243, 235, 297, 223, 283, 206, 260, 429, 178],
        [335, 562, 476, 612, 581, 422, 82, 583, 328, 360, 374, 396, 481, 376, 471, 417, 465, 364, 356, 406, 241, 272, 233, 266, 197, 295, 220, 192, 155, 156, 192, 53, 20, 0, 50, 58, 58, 60, 80, 94, 356, 281, 262, 254, 312, 241, 300, 225, 280, 447, 196],
        [323, 532, 446, 590, 560, 394, 85, 559, 300, 320, 342, 361, 434, 331, 423, 370, 417, 316, 308, 356, 225, 245, 211, 218, 177, 252, 170, 165, 107, 130, 156, 101, 53, 50, 0, 104, 30, 78, 94, 80, 388, 299, 281, 269, 346, 266, 328, 241, 284, 471, 222],
        [380, 617, 531, 663, 631, 476, 130, 635, 382, 418, 431, 453, 538, 434, 528, 474, 522, 420, 412, 460, 291, 326, 286, 322, 250, 353, 271, 247, 200, 212, 250, 50, 70, 58, 104, 0, 100, 58, 70, 111, 353, 301, 281, 280, 308, 254, 306, 250, 314, 455, 212],
        [353, 557, 471, 618, 588, 420, 114, 586, 326, 339, 366, 384, 447, 344, 434, 380, 427, 326, 316, 364, 254, 273, 240, 228, 206, 270, 172, 193, 100, 158, 180, 111, 70, 58, 30, 100, 0, 58, 70, 50, 411, 326, 308, 297, 367, 291, 352, 269, 314, 497, 246],
        [392, 610, 524, 666, 635, 471, 141, 635, 377, 396, 420, 439, 505, 403, 492, 438, 484, 384, 373, 420, 297, 322, 286, 286, 250, 328, 228, 241, 151, 205, 234, 94, 80, 60, 78, 58, 58, 0, 20, 53, 404, 339, 320, 314, 360, 297, 353, 284, 340, 501, 252],
        [412, 626, 540, 684, 653, 488, 161, 652, 394, 410, 436, 454, 514, 413, 500, 447, 492, 393, 380, 427, 316, 340, 304, 295, 269, 340, 234, 259, 155, 223, 250, 111, 100, 80, 94, 70, 70, 20, 0, 50, 421, 359, 339, 333, 377, 316, 371, 304, 360, 520, 272],
        [403, 600, 514, 664, 635, 465, 162, 631, 371, 375, 408, 424, 471, 372, 456, 403, 447, 349, 335, 380, 304, 319, 288, 252, 254, 304, 187, 240, 107, 206, 223, 141, 111, 94, 80, 111, 50, 53, 50, 0, 450, 373, 354, 344, 406, 335, 394, 316, 363, 541, 290],
        [322, 592, 527, 572, 536, 473, 312, 564, 420, 526, 480, 510, 678, 586, 684, 640, 688, 597, 607, 654, 325, 384, 349, 528, 338, 500, 521, 364, 489, 357, 403, 310, 340, 356, 388, 353, 411, 404, 421, 450, 0, 140, 143, 172, 44, 134, 72, 180, 220, 121, 172],
        [186, 462, 392, 458, 422, 337, 214, 444, 280, 386, 340, 370, 539, 449, 545, 502, 550, 462, 474, 520, 186, 245, 211, 399, 205, 364, 403, 233, 386, 234, 274, 251, 262, 281, 299, 301, 326, 339, 359, 373, 140, 0, 20, 36, 123, 53, 70, 58, 80, 176, 90],
        [193, 470, 398, 470, 434, 342, 197, 454, 280, 383, 340, 370, 536, 443, 541, 497, 545, 455, 466, 512, 182, 241, 206, 389, 196, 357, 390, 223, 370, 222, 264, 231, 243, 262, 281, 281, 308, 320, 339, 354, 143, 20, 0, 30, 120, 36, 70, 42, 85, 192, 70],
        [165, 442, 370, 446, 411, 313, 183, 430, 250, 353, 310, 340, 506, 414, 511, 468, 516, 427, 438, 484, 152, 212, 177, 363, 170, 328, 367, 197, 352, 198, 238, 230, 235, 254, 269, 280, 297, 314, 333, 344, 172, 36, 30, 0, 150, 58, 100, 30, 58, 212, 76],
        [310, 585, 516, 574, 538, 460, 272, 563, 400, 501, 460, 490, 653, 559, 657, 611, 660, 567, 575, 623, 300, 360, 322, 493, 308, 470, 483, 332, 448, 323, 370, 266, 297, 312, 346, 308, 367, 360, 377, 406, 44, 123, 120, 150, 0, 101, 53, 151, 203, 160, 134],
        [223, 500, 427, 504, 468, 370, 184, 488, 302, 400, 363, 393, 552, 457, 555, 509, 559, 465, 474, 522, 200, 260, 220, 393, 206, 368, 388, 230, 360, 223, 269, 206, 223, 241, 266, 254, 291, 297, 316, 335, 134, 53, 36, 58, 101, 0, 64, 50, 116, 205, 44],
        [257, 531, 463, 521, 485, 407, 247, 510, 350, 453, 410, 440, 606, 514, 611, 567, 616, 524, 534, 581, 253, 312, 276, 456, 265, 427, 452, 291, 424, 286, 331, 260, 283, 300, 328, 306, 352, 353, 371, 394, 72, 70, 70, 100, 53, 64, 0, 107, 151, 148, 106],
        [180, 456, 380, 466, 431, 323, 156, 448, 253, 350, 314, 343, 502, 407, 506, 460, 509, 417, 427, 474, 150, 210, 171, 348, 158, 320, 348, 183, 328, 180, 223, 200, 206, 225, 241, 250, 269, 284, 304, 316, 180, 58, 42, 30, 151, 50, 107, 0, 78, 234, 50],
        [107, 384, 313, 389, 353, 257, 200, 372, 200, 310, 260, 290, 463, 376, 471, 430, 477, 393, 408, 451, 116, 170, 144, 340, 148, 295, 356, 176, 353, 188, 219, 264, 260, 280, 284, 314, 314, 340, 360, 363, 220, 80, 85, 58, 203, 116, 151, 78, 0, 233, 128],
        [310, 551, 500, 509, 475, 453, 388, 509, 423, 538, 478, 506, 689, 608, 700, 662, 707, 626, 641, 684, 349, 402, 377, 572, 378, 528, 580, 406, 562, 410, 448, 408, 429, 447, 471, 455, 497, 501, 520, 541, 121, 176, 192, 212, 160, 205, 148, 234, 233, 0, 250],
        [228, 502, 424, 516, 480, 366, 141, 496, 291, 380, 351, 380, 530, 431, 531, 483, 533, 437, 443, 492, 184, 243, 200, 360, 180, 342, 349, 202, 318, 189, 237, 162, 178, 196, 222, 212, 246, 252, 272, 290, 172, 90, 70, 76, 134, 44, 106, 50, 128, 250, 0]
    ],
    "metadata": {
        "metric_variant": "euclidean",
        "authors": "Marius M. Solomon"
    }
}
