{
    "instance_name": "R209",
    "instance_origin": "Solomon1987",
    "benchmark_name": "Dimacs2021",
    "num_customers": 50,
    "num_vehicles": 25,
    "vehicle_capacity": 1000,
    "coordinates": [
        [35, 35],
        [41, 49],
        [35, 17],
        [55, 45],
        [55, 20],
        [15, 30],
        [25, 30],
        [20, 50],
        [10, 43],
        [55, 60],
        [30, 60],
        [20, 65],
        [50, 35],
        [30, 25],
        [15, 10],
        [30, 5],
        [10, 20],
        [5, 30],
        [20, 40],
        [15, 60],
        [45, 65],
        [45, 20],
        [45, 10],
        [55, 5],
        [65, 35],
        [65, 20],
        [45, 30],
        [35, 40],
        [41, 37],
        [64, 42],
        [40, 60],
        [31, 52],
        [35, 69],
        [53, 52],
        [65, 55],
        [63, 65],
        [2, 60],
        [20, 20],
        [5, 5],
        [60, 12],
        [40, 25],
        [42, 7],
        [24, 12],
        [23, 3],
        [11, 14],
        [6, 38],
        [2, 48],
        [8, 56],
        [13, 52],
        [6, 68],
        [47, 47]
    ],
    "demands": [0, 10, 7, 13, 19, 26, 3, 5, 9, 16, 16, 12, 19, 23, 20, 8, 19, 2, 12, 17, 9, 11, 18, 29, 3, 6, 17, 16, 16, 9, 21, 27, 23, 11, 14, 8, 5, 8, 16, 31, 9, 5, 5, 7, 18, 16, 1, 27, 36, 30, 13],
    "service_times": [0, 100, 100, 100, 100, 100, 100, 100, 100, 100, 100, 100, 100, 100, 100, 100, 100, 100, 100, 100, 100, 100, 100, 100, 100, 100, 100, 100, 100, 100, 100, 100, 100, 100, 100, 100, 100, 100, 100, 100, 100, 100, 100, 100, 100, 100, 100, 100, 100, 100, 100],
    "time_windows": [
        [0, 10000],
        [6360, 9190],
        [740, 3510],
        [4980, 6130],
        [4700, 9650],
        [200, 3700],
        [2660, 6630],
        [2920, 4490],
        [2880, 5970],
        [2540, 6430],
        [4960, 7130],
        [330, 5100],
        [1700, 4030],
        [4260, 9780],
        [320, 4540],
        [300, 5290],
        [2220, 4230],
        [4090, 9590],
        [3490, 4620],
        [2150, 4320],
        [5380, 7090],
        [1560, 3890],
        [2800, 6230],
        [360, 5130],
        [6330, 9180],
        [4000, 9560],
        [5480, 7070],
        [50, 6120],
        [440, 3250],
        [1290, 3740],
        [1150, 4980],
        [910, 3360],
        [6020, 8350],
        [240, 6460],
        [4870, 6560],
        [4390, 9480],
        [410, 7100],
        [5630, 7360],
        [1470, 5600],
        [330, 7970],
        [2430, 5540],
        [2250, 6820],
        [250, 6160],
        [5780, 7470],
        [720, 5010],
        [290, 6690],
        [4580, 6850],
        [340, 3620],
        [6940, 9620],
        [4440, 5970],
        [4990, 6900]
    ],
    "depot": 0,
    "arc_costs": [
        [0, 152, 180, 223, 250, 206, 111, 212, 262, 320, 254, 335, 150, 111, 320, 304, 291, 304, 158, 320, 316, 180, 269, 360, 300, 335, 111, 50, 63, 298, 254, 174, 340, 247, 360, 410, 414, 212, 424, 339, 111, 288, 254, 341, 318, 291, 354, 342, 278, 439, 169],
        [152, 0, 325, 145, 322, 322, 248, 210, 315, 178, 155, 264, 166, 264, 468, 453, 424, 407, 228, 282, 164, 292, 392, 461, 277, 376, 194, 108, 120, 240, 110, 104, 208, 123, 247, 272, 405, 358, 568, 415, 240, 420, 407, 493, 460, 366, 390, 337, 281, 398, 63],
        [180, 325, 0, 344, 202, 238, 164, 362, 360, 474, 432, 502, 234, 94, 211, 130, 251, 326, 274, 474, 490, 104, 122, 233, 349, 301, 164, 230, 208, 382, 432, 352, 520, 393, 484, 555, 542, 152, 323, 254, 94, 122, 120, 184, 241, 358, 452, 474, 413, 586, 323],
        [223, 145, 344, 0, 250, 427, 335, 353, 450, 150, 291, 403, 111, 320, 531, 471, 514, 522, 353, 427, 223, 269, 364, 400, 141, 269, 180, 206, 161, 94, 212, 250, 312, 72, 141, 215, 550, 430, 640, 333, 250, 401, 452, 528, 538, 494, 530, 482, 425, 541, 82],
        [250, 322, 202, 250, 0, 412, 316, 460, 505, 400, 471, 570, 158, 254, 412, 291, 450, 509, 403, 565, 460, 100, 141, 150, 180, 100, 141, 282, 220, 237, 427, 400, 529, 320, 364, 457, 664, 350, 522, 94, 158, 183, 320, 362, 444, 522, 599, 592, 528, 685, 281],
        [206, 322, 238, 427, 412, 0, 100, 206, 139, 500, 335, 353, 353, 158, 200, 291, 111, 100, 111, 300, 460, 316, 360, 471, 502, 509, 300, 223, 269, 504, 390, 272, 438, 439, 559, 594, 326, 111, 269, 484, 254, 354, 201, 281, 164, 120, 222, 269, 220, 390, 362],
        [111, 248, 164, 335, 316, 100, 0, 206, 198, 424, 304, 353, 254, 70, 223, 254, 180, 200, 111, 316, 403, 223, 282, 390, 403, 412, 200, 141, 174, 408, 335, 228, 402, 356, 471, 516, 378, 111, 320, 393, 158, 286, 180, 270, 212, 206, 292, 310, 250, 424, 278],
        [212, 210, 362, 353, 460, 206, 206, 0, 122, 364, 141, 150, 335, 269, 403, 460, 316, 250, 100, 111, 291, 390, 471, 570, 474, 540, 320, 180, 246, 447, 223, 111, 242, 330, 452, 455, 205, 300, 474, 551, 320, 483, 382, 470, 371, 184, 181, 134, 72, 228, 271],
        [262, 315, 360, 450, 505, 139, 198, 122, 0, 481, 262, 241, 407, 269, 333, 429, 230, 139, 104, 177, 413, 418, 481, 588, 555, 596, 373, 251, 315, 540, 344, 228, 360, 439, 562, 573, 187, 250, 383, 588, 349, 481, 340, 420, 290, 64, 94, 131, 94, 253, 372],
        [320, 178, 474, 150, 400, 500, 424, 364, 481, 0, 250, 353, 254, 430, 640, 604, 602, 583, 403, 400, 111, 412, 509, 550, 269, 412, 316, 282, 269, 201, 150, 252, 219, 82, 111, 94, 530, 531, 743, 482, 380, 545, 571, 653, 636, 537, 543, 471, 427, 496, 152],
        [254, 155, 432, 291, 471, 335, 304, 141, 262, 250, 0, 111, 320, 350, 522, 550, 447, 390, 223, 150, 158, 427, 522, 604, 430, 531, 335, 206, 254, 384, 100, 80, 102, 243, 353, 333, 280, 412, 604, 566, 364, 543, 483, 574, 497, 325, 304, 223, 187, 252, 214],
        [335, 264, 502, 403, 570, 353, 353, 150, 241, 353, 111, 0, 424, 412, 552, 608, 460, 380, 250, 70, 250, 514, 604, 694, 540, 636, 430, 291, 350, 496, 206, 170, 155, 354, 460, 430, 186, 450, 618, 664, 447, 620, 531, 620, 517, 304, 247, 150, 147, 143, 324],
        [150, 166, 234, 111, 158, 353, 254, 335, 407, 254, 320, 424, 0, 223, 430, 360, 427, 452, 304, 430, 304, 158, 254, 304, 150, 212, 70, 158, 92, 156, 269, 254, 371, 172, 250, 326, 541, 335, 540, 250, 141, 291, 347, 418, 442, 441, 497, 469, 407, 550, 123],
        [111, 264, 94, 320, 254, 158, 70, 269, 269, 430, 350, 412, 223, 0, 212, 200, 206, 254, 180, 380, 427, 158, 212, 320, 364, 353, 158, 158, 162, 380, 364, 270, 442, 354, 460, 518, 448, 111, 320, 326, 100, 216, 143, 230, 219, 272, 362, 380, 319, 492, 278],
        [320, 468, 211, 531, 412, 200, 223, 403, 333, 640, 522, 552, 430, 212, 0, 158, 111, 223, 304, 500, 626, 316, 300, 403, 559, 509, 360, 360, 374, 585, 559, 449, 622, 566, 672, 730, 516, 111, 111, 450, 291, 271, 92, 106, 56, 294, 401, 465, 420, 586, 489],
        [304, 453, 130, 471, 291, 291, 254, 460, 429, 604, 550, 608, 360, 200, 158, 0, 250, 353, 364, 570, 618, 212, 158, 250, 460, 380, 291, 353, 338, 502, 559, 470, 641, 523, 610, 684, 617, 180, 250, 308, 223, 121, 92, 72, 210, 408, 513, 555, 499, 674, 453],
        [291, 424, 251, 514, 450, 111, 180, 316, 230, 602, 447, 460, 427, 206, 111, 250, 0, 111, 223, 403, 570, 350, 364, 474, 570, 550, 364, 320, 353, 583, 500, 382, 550, 536, 651, 695, 407, 100, 158, 506, 304, 345, 161, 214, 60, 184, 291, 360, 321, 481, 458],
        [304, 407, 326, 522, 509, 100, 200, 250, 139, 583, 390, 380, 452, 254, 223, 353, 111, 0, 180, 316, 531, 412, 447, 559, 602, 608, 400, 316, 366, 602, 460, 340, 492, 528, 650, 677, 301, 180, 250, 578, 353, 435, 261, 324, 170, 80, 182, 261, 234, 380, 453],
        [158, 228, 274, 353, 403, 111, 111, 100, 104, 403, 223, 250, 304, 180, 304, 364, 223, 180, 0, 206, 353, 320, 390, 494, 452, 492, 269, 150, 212, 440, 282, 162, 326, 351, 474, 497, 269, 200, 380, 488, 250, 396, 282, 371, 275, 141, 196, 200, 138, 313, 278],
        [320, 282, 474, 427, 565, 300, 316, 111, 177, 400, 150, 70, 430, 380, 500, 570, 403, 316, 206, 0, 304, 500, 583, 680, 559, 640, 424, 282, 347, 522, 250, 178, 219, 388, 502, 482, 130, 403, 559, 657, 430, 594, 488, 575, 461, 237, 176, 80, 82, 120, 345],
        [316, 164, 490, 223, 460, 460, 403, 291, 413, 111, 158, 250, 304, 427, 626, 618, 570, 531, 353, 304, 0, 450, 550, 608, 360, 492, 350, 269, 282, 298, 70, 191, 107, 152, 223, 180, 432, 514, 721, 550, 403, 580, 570, 657, 612, 474, 462, 380, 345, 391, 181],
        [180, 292, 104, 269, 100, 316, 223, 390, 418, 412, 427, 514, 158, 158, 316, 212, 350, 412, 320, 500, 450, 0, 100, 180, 250, 200, 100, 223, 174, 290, 403, 349, 500, 329, 403, 484, 587, 250, 427, 170, 70, 133, 224, 278, 345, 429, 513, 516, 452, 618, 270],
        [269, 392, 122, 364, 141, 360, 282, 471, 481, 509, 522, 604, 254, 212, 300, 158, 364, 447, 390, 583, 550, 100, 0, 111, 320, 223, 200, 316, 272, 372, 502, 442, 598, 427, 492, 578, 659, 269, 403, 151, 158, 42, 210, 230, 342, 480, 573, 590, 528, 698, 370],
        [360, 461, 233, 400, 150, 471, 390, 570, 588, 550, 604, 694, 304, 320, 403, 250, 474, 559, 494, 680, 608, 180, 111, 0, 316, 180, 269, 403, 349, 380, 570, 527, 670, 470, 509, 605, 763, 380, 500, 86, 250, 131, 317, 320, 449, 590, 682, 693, 630, 798, 427],
        [300, 277, 349, 141, 180, 502, 403, 474, 555, 269, 430, 540, 150, 364, 559, 460, 570, 602, 452, 559, 360, 250, 320, 316, 0, 150, 206, 304, 240, 70, 353, 380, 453, 208, 200, 300, 677, 474, 670, 235, 269, 362, 470, 528, 579, 590, 643, 607, 547, 676, 216],
        [335, 376, 301, 269, 100, 509, 412, 540, 596, 412, 531, 636, 212, 353, 509, 380, 550, 608, 492, 640, 492, 200, 223, 180, 150, 0, 223, 360, 294, 220, 471, 466, 574, 341, 350, 450, 746, 450, 618, 94, 254, 264, 417, 453, 543, 616, 689, 674, 610, 760, 324],
        [111, 194, 164, 180, 141, 300, 200, 320, 373, 316, 335, 430, 70, 158, 360, 291, 364, 400, 269, 424, 350, 100, 200, 269, 206, 223, 0, 141, 80, 224, 304, 260, 402, 234, 320, 393, 524, 269, 471, 234, 70, 231, 276, 348, 375, 398, 466, 452, 388, 544, 171],
        [50, 108, 230, 206, 282, 223, 141, 180, 251, 282, 206, 291, 158, 158, 360, 353, 320, 316, 150, 282, 269, 223, 316, 403, 304, 360, 141, 0, 67, 290, 206, 126, 290, 216, 335, 375, 385, 250, 460, 375, 158, 337, 300, 388, 353, 290, 339, 313, 250, 403, 138],
        [63, 120, 208, 161, 220, 269, 174, 246, 315, 269, 254, 350, 92, 162, 374, 338, 353, 366, 212, 347, 282, 174, 272, 349, 240, 294, 80, 67, 0, 235, 230, 180, 325, 192, 300, 356, 452, 270, 481, 314, 120, 300, 302, 384, 378, 350, 405, 380, 317, 467, 116],
        [298, 240, 382, 94, 237, 504, 408, 447, 540, 201, 384, 496, 156, 380, 585, 502, 583, 602, 440, 522, 298, 290, 372, 380, 70, 220, 224, 290, 235, 0, 300, 344, 396, 148, 130, 230, 645, 491, 696, 302, 294, 413, 500, 565, 599, 581, 622, 577, 519, 635, 177],
        [254, 110, 432, 212, 427, 390, 335, 223, 344, 150, 100, 206, 269, 364, 559, 559, 500, 460, 282, 250, 70, 403, 502, 570, 353, 471, 304, 206, 230, 300, 0, 120, 102, 152, 254, 235, 380, 447, 651, 520, 350, 530, 505, 594, 543, 404, 398, 322, 281, 349, 147],
        [174, 104, 352, 250, 400, 272, 228, 111, 228, 252, 80, 170, 254, 270, 449, 470, 382, 340, 162, 178, 191, 349, 442, 527, 380, 466, 260, 126, 180, 344, 120, 0, 174, 220, 341, 345, 300, 338, 537, 494, 284, 463, 406, 496, 429, 286, 292, 233, 180, 296, 167],
        [340, 208, 520, 312, 529, 438, 402, 242, 360, 219, 102, 155, 371, 442, 622, 641, 550, 492, 326, 219, 107, 500, 598, 670, 453, 574, 402, 290, 325, 396, 102, 174, 0, 247, 331, 282, 342, 512, 706, 622, 442, 623, 580, 670, 600, 424, 391, 299, 278, 290, 250],
        [247, 123, 393, 72, 320, 439, 356, 330, 439, 82, 243, 354, 172, 354, 566, 523, 536, 528, 351, 388, 152, 329, 427, 470, 208, 341, 234, 216, 192, 148, 152, 220, 247, 0, 123, 164, 516, 459, 671, 406, 299, 463, 494, 574, 566, 490, 511, 451, 400, 496, 78],
        [360, 247, 484, 141, 364, 559, 471, 452, 562, 111, 353, 460, 250, 460, 672, 610, 651, 650, 474, 502, 223, 403, 492, 509, 200, 350, 320, 335, 300, 130, 254, 341, 331, 123, 0, 101, 631, 570, 781, 432, 390, 532, 594, 668, 678, 614, 633, 570, 520, 604, 196],
        [410, 272, 555, 215, 457, 594, 516, 455, 573, 94, 333, 430, 326, 518, 730, 684, 695, 677, 497, 482, 180, 484, 578, 605, 300, 450, 393, 375, 356, 230, 235, 345, 282, 164, 101, 0, 612, 622, 834, 530, 461, 616, 658, 737, 728, 630, 633, 557, 516, 570, 240],
        [414, 405, 542, 550, 664, 326, 378, 205, 187, 530, 280, 186, 541, 448, 516, 617, 407, 301, 269, 130, 432, 587, 659, 763, 677, 746, 524, 385, 452, 645, 380, 300, 342, 516, 631, 612, 0, 438, 550, 752, 516, 664, 528, 607, 468, 223, 120, 72, 136, 89, 468],
        [212, 358, 152, 430, 350, 111, 111, 300, 250, 531, 412, 450, 335, 111, 111, 180, 100, 180, 200, 403, 514, 250, 269, 380, 474, 450, 269, 250, 270, 491, 447, 338, 512, 459, 570, 622, 438, 0, 212, 407, 206, 255, 89, 172, 108, 228, 332, 379, 327, 500, 381],
        [424, 568, 323, 640, 522, 269, 320, 474, 383, 743, 604, 618, 540, 320, 111, 250, 158, 250, 380, 559, 721, 427, 403, 500, 670, 618, 471, 460, 481, 696, 651, 537, 706, 671, 781, 834, 550, 212, 0, 554, 403, 370, 202, 181, 108, 330, 431, 510, 476, 630, 593],
        [339, 415, 254, 333, 94, 484, 393, 551, 588, 482, 566, 664, 250, 326, 450, 308, 506, 578, 488, 657, 550, 170, 151, 86, 235, 94, 234, 375, 314, 302, 520, 494, 622, 406, 432, 530, 752, 407, 554, 0, 238, 186, 360, 380, 490, 599, 682, 681, 617, 777, 373],
        [111, 240, 94, 250, 158, 254, 158, 320, 349, 380, 364, 447, 141, 100, 291, 223, 304, 353, 250, 430, 403, 70, 158, 250, 269, 254, 70, 158, 120, 294, 350, 284, 442, 299, 390, 461, 516, 206, 403, 238, 0, 181, 206, 278, 310, 364, 444, 445, 381, 548, 230],
        [288, 420, 122, 401, 183, 354, 286, 483, 481, 545, 543, 620, 291, 216, 271, 121, 345, 435, 396, 594, 580, 133, 42, 131, 362, 264, 231, 337, 300, 413, 530, 463, 623, 463, 532, 616, 664, 255, 370, 186, 181, 0, 186, 194, 317, 475, 572, 596, 535, 708, 403],
        [254, 407, 120, 452, 320, 201, 180, 382, 340, 571, 483, 531, 347, 143, 92, 92, 161, 261, 282, 488, 570, 224, 210, 317, 470, 417, 276, 300, 302, 500, 505, 406, 580, 494, 594, 658, 528, 89, 202, 360, 206, 186, 0, 90, 131, 316, 421, 468, 414, 588, 418],
        [341, 493, 184, 528, 362, 281, 270, 470, 420, 653, 574, 620, 418, 230, 106, 72, 214, 324, 371, 575, 657, 278, 230, 320, 528, 453, 348, 388, 384, 565, 594, 496, 670, 574, 668, 737, 607, 172, 181, 380, 278, 194, 90, 0, 162, 389, 496, 550, 500, 671, 501],
        [318, 460, 241, 538, 444, 164, 212, 371, 290, 636, 497, 517, 442, 219, 56, 210, 60, 170, 275, 461, 612, 345, 342, 449, 579, 543, 375, 353, 378, 599, 543, 429, 600, 566, 678, 728, 468, 108, 108, 490, 310, 317, 131, 162, 0, 245, 351, 421, 380, 542, 488],
        [291, 366, 358, 494, 522, 120, 206, 184, 64, 537, 325, 304, 441, 272, 294, 408, 184, 80, 141, 237, 474, 429, 480, 590, 590, 616, 398, 290, 350, 581, 404, 286, 424, 490, 614, 630, 223, 228, 330, 599, 364, 475, 316, 389, 245, 0, 107, 181, 156, 300, 419],
        [354, 390, 452, 530, 599, 222, 292, 181, 94, 543, 304, 247, 497, 362, 401, 513, 291, 182, 196, 176, 462, 513, 573, 682, 643, 689, 466, 339, 405, 622, 398, 292, 391, 511, 633, 633, 120, 332, 431, 682, 444, 572, 421, 496, 351, 107, 0, 100, 117, 203, 450],
        [342, 337, 474, 482, 592, 269, 310, 134, 131, 471, 223, 150, 469, 380, 465, 555, 360, 261, 200, 80, 380, 516, 590, 693, 607, 674, 452, 313, 380, 577, 322, 233, 299, 451, 570, 557, 72, 379, 510, 681, 445, 596, 468, 550, 421, 181, 100, 0, 64, 121, 400],
        [278, 281, 413, 425, 528, 220, 250, 72, 94, 427, 187, 147, 407, 319, 420, 499, 321, 234, 138, 82, 345, 452, 528, 630, 547, 610, 388, 250, 317, 519, 281, 180, 278, 400, 520, 516, 136, 327, 476, 617, 381, 535, 414, 500, 380, 156, 117, 64, 0, 174, 343],
        [439, 398, 586, 541, 685, 390, 424, 228, 253, 496, 252, 143, 550, 492, 586, 674, 481, 380, 313, 120, 391, 618, 698, 798, 676, 760, 544, 403, 467, 635, 349, 296, 290, 496, 604, 570, 89, 500, 630, 777, 548, 708, 588, 671, 542, 300, 203, 121, 174, 0, 460],
        [169, 63, 323, 82, 281, 362, 278, 271, 372, 152, 214, 324, 123, 278, 489, 453, 458, 453, 278, 345, 181, 270, 370, 427, 216, 324, 171, 138, 116, 177, 147, 167, 250, 78, 196, 240, 468, 381, 593, 373, 230, 403, 418, 501, 488, 419, 450, 400, 343, 460, 0]
    ],
    "metadata": {
        "metric_variant": "euclidean",
        "authors": "Marius M. Solomon"
    }
}
