{
    "instance_name": "RC203",
    "instance_origin": "Solomon1987",
    "benchmark_name": "Dimacs2021",
    "num_customers": 50,
    "num_vehicles": 25,
    "vehicle_capacity": 1000,
    "coordinates": [
        [40, 50],
        [25, 85],
        [22, 75],
        [22, 85],
        [20, 80],
        [20, 85],
        [18, 75],
        [15, 75],
        [15, 80],
        [10, 35],
        [10, 40],
        [8, 40],
        [8, 45],
        [5, 35],
        [5, 45],
        [2, 40],
        [0, 40],
        [0, 45],
        [44, 5],
        [42, 10],
        [42, 15],
        [40, 5],
        [40, 15],
        [38, 5],
        [38, 15],
        [35, 5],
        [95, 30],
        [95, 35],
        [92, 30],
        [90, 35],
        [88, 30],
        [88, 35],
        [87, 30],
        [85, 25],
        [85, 35],
        [67, 85],
        [65, 85],
        [65, 82],
        [62, 80],
        [60, 80],
        [60, 85],
        [58, 75],
        [55, 80],
        [55, 85],
        [55, 82],
        [20, 82],
        [18, 80],
        [2, 45],
        [42, 5],
        [42, 12],
        [72, 35]
    ],
    "demands": [0, 20, 30, 10, 40, 20, 20, 20, 10, 20, 30, 40, 20, 10, 10, 20, 20, 20, 20, 40, 10, 10, 40, 30, 10, 20, 30, 20, 10, 10, 10, 20, 10, 10, 30, 20, 40, 10, 30, 10, 30, 20, 10, 20, 10, 10, 10, 10, 10, 10, 30],
    "service_times": [0, 100, 100, 100, 100, 100, 100, 100, 100, 100, 100, 100, 100, 100, 100, 100, 100, 100, 100, 100, 100, 100, 100, 100, 100, 100, 100, 100, 100, 100, 100, 100, 100, 100, 100, 100, 100, 100, 100, 100, 100, 100, 100, 100, 100, 100, 100, 100, 100, 100, 100],
    "time_windows": [
        [0, 9600],
        [0, 9110],
        [0, 9190],
        [0, 9100],
        [6440, 7640],
        [0, 9090],
        [3880, 5080],
        [0, 9140],
        [3670, 4870],
        [3710, 4910],
        [5190, 6390],
        [1950, 3150],
        [0, 9170],
        [6530, 7730],
        [0, 9140],
        [1740, 2940],
        [0, 9080],
        [7030, 8230],
        [0, 9040],
        [0, 9090],
        [0, 9140],
        [0, 9050],
        [3750, 4950],
        [2010, 3210],
        [0, 9140],
        [7840, 9040],
        [0, 8910],
        [1460, 2660],
        [0, 8940],
        [0, 8970],
        [2460, 3660],
        [0, 8990],
        [0, 8980],
        [800, 2000],
        [0, 9020],
        [6570, 7770],
        [430, 1630],
        [0, 9090],
        [2780, 3980],
        [640, 1840],
        [3290, 4490],
        [3760, 4960],
        [330, 1530],
        [0, 9110],
        [2170, 3370],
        [370, 1570],
        [0, 9120],
        [0, 9110],
        [0, 9040],
        [4400, 5600],
        [0, 9140]
    ],
    "depot": 0,
    "arc_costs": [
        [0, 380, 308, 393, 360, 403, 333, 353, 390, 335, 316, 335, 323, 380, 353, 392, 412, 403, 451, 400, 350, 450, 350, 450, 350, 452, 585, 570, 557, 522, 520, 502, 510, 514, 474, 442, 430, 406, 372, 360, 403, 308, 335, 380, 353, 377, 372, 383, 450, 380, 353],
        [380, 0, 104, 30, 70, 50, 122, 141, 111, 522, 474, 481, 434, 538, 447, 505, 514, 471, 822, 769, 720, 813, 715, 810, 711, 806, 890, 860, 866, 820, 836, 804, 828, 848, 781, 420, 400, 401, 373, 353, 350, 344, 304, 300, 301, 58, 86, 461, 817, 749, 686],
        [308, 104, 0, 100, 53, 101, 40, 70, 86, 417, 370, 376, 331, 434, 344, 403, 413, 372, 733, 680, 632, 722, 626, 718, 620, 711, 857, 832, 832, 788, 798, 771, 790, 804, 746, 460, 441, 435, 403, 383, 392, 360, 333, 344, 337, 72, 64, 360, 728, 660, 640],
        [393, 30, 100, 0, 53, 20, 107, 122, 86, 514, 465, 471, 423, 528, 434, 492, 500, 456, 829, 776, 728, 820, 722, 815, 718, 810, 914, 884, 890, 844, 859, 828, 851, 870, 804, 450, 430, 431, 403, 383, 380, 373, 333, 330, 331, 36, 64, 447, 824, 756, 707],
        [360, 70, 53, 53, 0, 50, 53, 70, 50, 460, 412, 417, 370, 474, 380, 438, 447, 403, 787, 733, 686, 776, 680, 771, 674, 764, 901, 874, 876, 832, 844, 815, 836, 851, 790, 472, 452, 450, 420, 400, 403, 383, 350, 353, 350, 20, 20, 393, 781, 714, 687],
        [403, 50, 101, 20, 50, 0, 101, 111, 70, 509, 460, 465, 417, 522, 427, 484, 492, 447, 835, 781, 733, 824, 728, 820, 722, 813, 930, 901, 906, 860, 874, 844, 866, 884, 820, 470, 450, 450, 422, 403, 400, 392, 353, 350, 351, 30, 53, 438, 829, 762, 721],
        [333, 122, 40, 107, 53, 101, 0, 30, 58, 407, 359, 364, 316, 420, 326, 384, 393, 349, 746, 692, 646, 733, 639, 728, 632, 720, 891, 867, 866, 823, 832, 806, 823, 836, 780, 500, 480, 475, 442, 422, 431, 400, 373, 383, 376, 72, 50, 340, 740, 674, 672],
        [353, 141, 70, 122, 70, 111, 30, 0, 50, 403, 353, 356, 308, 412, 316, 373, 380, 335, 757, 703, 657, 743, 650, 736, 642, 728, 917, 894, 891, 850, 857, 832, 849, 860, 806, 529, 509, 504, 472, 452, 460, 430, 403, 412, 406, 86, 58, 326, 750, 685, 696],
        [390, 111, 86, 86, 50, 70, 58, 50, 0, 452, 403, 406, 356, 460, 364, 420, 427, 380, 804, 750, 703, 790, 696, 784, 689, 776, 943, 917, 918, 874, 884, 857, 876, 890, 832, 522, 502, 500, 470, 450, 452, 432, 400, 403, 400, 53, 30, 373, 797, 731, 726],
        [335, 522, 417, 514, 460, 509, 407, 403, 452, 0, 50, 53, 101, 50, 111, 94, 111, 141, 453, 406, 377, 424, 360, 410, 344, 390, 851, 850, 821, 800, 781, 780, 771, 756, 750, 758, 743, 723, 687, 672, 707, 624, 636, 672, 650, 480, 457, 128, 438, 394, 620],
        [316, 474, 370, 465, 412, 460, 359, 353, 403, 50, 0, 20, 53, 70, 70, 80, 100, 111, 487, 438, 406, 460, 390, 448, 375, 430, 855, 851, 826, 801, 786, 781, 776, 764, 751, 726, 710, 692, 656, 640, 672, 594, 602, 636, 615, 431, 407, 94, 474, 425, 622],
        [335, 481, 376, 471, 417, 465, 364, 356, 406, 53, 20, 0, 50, 58, 58, 60, 80, 94, 502, 453, 422, 474, 406, 460, 390, 442, 875, 871, 845, 821, 806, 801, 796, 784, 771, 742, 726, 708, 672, 656, 687, 610, 617, 650, 630, 436, 412, 78, 487, 440, 641],
        [323, 434, 331, 423, 370, 417, 316, 308, 356, 101, 53, 50, 0, 104, 30, 78, 94, 80, 538, 487, 453, 512, 438, 500, 424, 482, 882, 875, 853, 826, 813, 806, 804, 795, 776, 712, 696, 679, 643, 626, 656, 583, 586, 617, 598, 388, 364, 60, 524, 473, 647],
        [380, 538, 434, 528, 474, 522, 420, 412, 460, 50, 70, 58, 104, 0, 100, 58, 70, 111, 492, 446, 420, 460, 403, 445, 385, 424, 901, 900, 871, 850, 831, 830, 821, 806, 800, 796, 781, 762, 726, 710, 743, 664, 672, 707, 686, 493, 468, 104, 476, 435, 670],
        [353, 447, 344, 434, 380, 427, 326, 316, 364, 111, 70, 58, 30, 100, 0, 58, 70, 50, 558, 509, 476, 531, 460, 518, 445, 500, 912, 905, 882, 855, 843, 836, 833, 824, 806, 737, 721, 704, 668, 651, 680, 609, 610, 640, 622, 399, 373, 30, 544, 495, 677],
        [392, 505, 403, 492, 438, 484, 384, 373, 420, 94, 80, 60, 78, 58, 58, 0, 20, 53, 546, 500, 471, 516, 454, 502, 438, 481, 935, 931, 905, 881, 865, 861, 855, 843, 831, 790, 774, 757, 721, 704, 734, 660, 664, 695, 676, 456, 430, 50, 531, 488, 701],
        [412, 514, 413, 500, 447, 492, 393, 380, 427, 111, 100, 80, 94, 70, 70, 20, 0, 50, 562, 516, 488, 531, 471, 516, 454, 494, 955, 951, 925, 901, 885, 881, 875, 863, 851, 807, 790, 773, 737, 721, 750, 677, 680, 710, 692, 465, 438, 53, 546, 504, 721],
        [403, 471, 372, 456, 403, 447, 349, 335, 380, 141, 111, 94, 80, 111, 50, 53, 50, 0, 594, 546, 516, 565, 500, 551, 484, 531, 961, 955, 932, 905, 892, 885, 882, 873, 855, 780, 763, 747, 711, 694, 721, 652, 651, 680, 662, 420, 393, 20, 580, 534, 726],
        [451, 822, 733, 829, 787, 835, 746, 757, 804, 453, 487, 502, 538, 492, 558, 546, 562, 594, 0, 53, 101, 40, 107, 60, 116, 90, 567, 591, 541, 549, 506, 532, 497, 456, 508, 832, 827, 798, 771, 766, 815, 713, 758, 807, 777, 806, 793, 580, 20, 72, 410],
        [400, 769, 680, 776, 733, 781, 692, 703, 750, 406, 438, 453, 487, 446, 509, 500, 516, 546, 53, 0, 50, 53, 53, 64, 64, 86, 566, 586, 538, 541, 501, 523, 492, 455, 497, 790, 784, 755, 728, 722, 771, 669, 711, 761, 731, 752, 740, 531, 50, 20, 390],
        [350, 720, 632, 728, 686, 733, 646, 657, 703, 377, 406, 422, 453, 420, 476, 471, 488, 516, 101, 50, 0, 101, 20, 107, 40, 122, 550, 566, 522, 520, 483, 501, 474, 441, 474, 743, 736, 708, 680, 674, 722, 620, 662, 711, 682, 705, 692, 500, 100, 30, 360],
        [450, 813, 722, 820, 776, 824, 733, 743, 790, 424, 460, 474, 512, 460, 531, 516, 531, 565, 40, 53, 101, 0, 100, 20, 101, 50, 604, 626, 576, 583, 541, 566, 532, 492, 540, 844, 838, 809, 781, 776, 824, 722, 764, 813, 784, 795, 781, 551, 20, 72, 438],
        [350, 715, 626, 722, 680, 728, 639, 650, 696, 360, 390, 406, 438, 403, 460, 454, 471, 500, 107, 53, 20, 100, 0, 101, 20, 111, 570, 585, 541, 538, 502, 520, 493, 460, 492, 750, 743, 715, 686, 680, 728, 626, 667, 715, 686, 699, 686, 484, 101, 36, 377],
        [450, 810, 718, 815, 771, 820, 728, 736, 784, 410, 448, 460, 500, 445, 518, 502, 516, 551, 60, 64, 107, 20, 101, 0, 100, 30, 622, 644, 595, 600, 559, 583, 550, 510, 557, 850, 844, 815, 787, 781, 829, 728, 769, 817, 788, 790, 776, 538, 40, 80, 453],
        [350, 711, 620, 718, 674, 722, 632, 642, 689, 344, 375, 390, 424, 385, 445, 438, 454, 484, 116, 64, 40, 101, 20, 100, 0, 104, 589, 604, 560, 557, 522, 538, 512, 480, 510, 757, 750, 722, 692, 686, 733, 632, 671, 720, 691, 693, 680, 468, 107, 50, 394],
        [452, 806, 711, 810, 764, 813, 720, 728, 776, 390, 430, 442, 482, 424, 500, 481, 494, 531, 90, 86, 122, 50, 111, 30, 104, 0, 650, 670, 622, 626, 586, 609, 576, 538, 583, 861, 854, 826, 797, 790, 838, 736, 776, 824, 795, 784, 769, 518, 70, 98, 476],
        [585, 890, 857, 914, 901, 930, 891, 917, 943, 851, 855, 875, 882, 901, 912, 935, 955, 961, 567, 566, 550, 604, 570, 622, 589, 650, 0, 50, 30, 70, 70, 86, 80, 111, 111, 617, 626, 600, 599, 610, 651, 582, 640, 680, 656, 912, 918, 942, 586, 559, 235],
        [570, 860, 832, 884, 874, 901, 867, 894, 917, 850, 851, 871, 875, 900, 905, 931, 951, 955, 591, 586, 566, 626, 585, 644, 604, 670, 50, 0, 58, 50, 86, 70, 94, 141, 100, 573, 583, 557, 558, 570, 610, 544, 602, 640, 617, 885, 891, 935, 609, 577, 230],
        [557, 866, 832, 890, 876, 906, 866, 891, 918, 821, 826, 845, 853, 871, 882, 905, 925, 932, 541, 538, 522, 576, 541, 595, 560, 622, 30, 58, 0, 53, 40, 64, 50, 86, 86, 604, 612, 585, 583, 593, 636, 564, 622, 662, 638, 888, 893, 912, 559, 531, 206],
        [522, 820, 788, 844, 832, 860, 823, 850, 874, 800, 801, 821, 826, 850, 855, 881, 901, 905, 549, 541, 520, 583, 538, 600, 557, 626, 70, 50, 53, 0, 53, 20, 58, 111, 50, 550, 559, 532, 530, 540, 583, 512, 570, 610, 586, 843, 849, 885, 566, 532, 180],
        [520, 836, 798, 859, 844, 874, 832, 857, 884, 781, 786, 806, 813, 831, 843, 865, 885, 892, 506, 501, 483, 541, 502, 559, 522, 586, 70, 86, 40, 53, 0, 50, 10, 58, 58, 588, 596, 568, 563, 573, 617, 540, 599, 641, 615, 856, 860, 872, 523, 493, 167],
        [502, 804, 771, 828, 815, 844, 806, 832, 857, 780, 781, 801, 806, 830, 836, 861, 881, 885, 532, 523, 501, 566, 520, 583, 538, 609, 86, 70, 64, 20, 50, 0, 50, 104, 30, 542, 550, 523, 519, 530, 573, 500, 558, 599, 574, 826, 832, 865, 549, 514, 160],
        [510, 828, 790, 851, 836, 866, 823, 849, 876, 771, 776, 796, 804, 821, 833, 855, 875, 882, 497, 492, 474, 532, 493, 550, 512, 576, 80, 94, 50, 58, 10, 50, 0, 53, 53, 585, 592, 564, 559, 568, 612, 535, 593, 636, 610, 848, 852, 863, 514, 484, 158],
        [514, 848, 804, 870, 851, 884, 836, 860, 890, 756, 764, 784, 795, 806, 824, 843, 863, 873, 456, 455, 441, 492, 460, 510, 480, 538, 111, 141, 86, 111, 58, 104, 53, 0, 100, 626, 632, 604, 596, 604, 650, 568, 626, 670, 644, 864, 866, 853, 474, 449, 164],
        [474, 781, 746, 804, 790, 820, 780, 806, 832, 750, 751, 771, 776, 800, 806, 831, 851, 855, 508, 497, 474, 540, 492, 557, 510, 583, 111, 100, 86, 50, 58, 30, 53, 100, 0, 531, 538, 510, 505, 514, 559, 482, 540, 583, 557, 802, 807, 836, 524, 487, 130],
        [442, 420, 460, 450, 472, 470, 500, 529, 522, 758, 726, 742, 712, 796, 737, 790, 807, 780, 832, 790, 743, 844, 750, 850, 757, 861, 617, 573, 604, 550, 588, 542, 585, 626, 531, 0, 20, 36, 70, 86, 70, 134, 130, 120, 123, 470, 492, 763, 838, 771, 502],
        [430, 400, 441, 430, 452, 450, 480, 509, 502, 743, 710, 726, 696, 781, 721, 774, 790, 763, 827, 784, 736, 838, 743, 844, 750, 854, 626, 583, 612, 559, 596, 550, 592, 632, 538, 20, 0, 30, 58, 70, 50, 122, 111, 100, 104, 450, 472, 746, 832, 765, 504],
        [406, 401, 435, 431, 450, 450, 475, 504, 500, 723, 692, 708, 679, 762, 704, 757, 773, 747, 798, 755, 708, 809, 715, 815, 722, 826, 600, 557, 585, 532, 568, 523, 564, 604, 510, 36, 30, 0, 36, 53, 58, 98, 101, 104, 100, 450, 470, 730, 803, 736, 475],
        [372, 373, 403, 403, 420, 422, 442, 472, 470, 687, 656, 672, 643, 726, 668, 721, 737, 711, 771, 728, 680, 781, 686, 787, 692, 797, 599, 558, 583, 530, 563, 519, 559, 596, 505, 70, 58, 36, 0, 20, 53, 64, 70, 86, 72, 420, 440, 694, 776, 708, 460],
        [360, 353, 383, 383, 400, 403, 422, 452, 450, 672, 640, 656, 626, 710, 651, 704, 721, 694, 766, 722, 674, 776, 680, 781, 686, 790, 610, 570, 593, 540, 573, 530, 568, 604, 514, 86, 70, 53, 20, 0, 50, 53, 50, 70, 53, 400, 420, 677, 771, 703, 465],
        [403, 350, 392, 380, 403, 400, 431, 460, 452, 707, 672, 687, 656, 743, 680, 734, 750, 721, 815, 771, 722, 824, 728, 829, 733, 838, 651, 610, 636, 583, 617, 573, 612, 650, 559, 70, 50, 58, 53, 50, 0, 101, 70, 50, 58, 401, 422, 704, 820, 751, 514],
        [308, 344, 360, 373, 383, 392, 400, 430, 432, 624, 594, 610, 583, 664, 609, 660, 677, 652, 713, 669, 620, 722, 626, 728, 632, 736, 582, 544, 564, 512, 540, 500, 535, 568, 482, 134, 122, 98, 64, 53, 101, 0, 58, 104, 76, 386, 403, 635, 718, 650, 423],
        [335, 304, 333, 333, 350, 353, 373, 403, 400, 636, 602, 617, 586, 672, 610, 664, 680, 651, 758, 711, 662, 764, 667, 769, 671, 776, 640, 602, 622, 570, 599, 558, 593, 626, 540, 130, 111, 101, 70, 50, 70, 58, 0, 50, 20, 350, 370, 635, 761, 692, 481],
        [380, 300, 344, 330, 353, 350, 383, 412, 403, 672, 636, 650, 617, 707, 640, 695, 710, 680, 807, 761, 711, 813, 715, 817, 720, 824, 680, 640, 662, 610, 641, 599, 636, 670, 583, 120, 100, 104, 86, 70, 50, 104, 50, 0, 30, 351, 373, 664, 810, 741, 528],
        [353, 301, 337, 331, 350, 351, 376, 406, 400, 650, 615, 630, 598, 686, 622, 676, 692, 662, 777, 731, 682, 784, 686, 788, 691, 795, 656, 617, 638, 586, 615, 574, 610, 644, 557, 123, 104, 100, 72, 53, 58, 76, 20, 30, 0, 350, 370, 646, 780, 711, 499],
        [377, 58, 72, 36, 20, 30, 72, 86, 53, 480, 431, 436, 388, 493, 399, 456, 465, 420, 806, 752, 705, 795, 699, 790, 693, 784, 912, 885, 888, 843, 856, 826, 848, 864, 802, 470, 450, 450, 420, 400, 401, 386, 350, 351, 350, 0, 28, 411, 800, 733, 700],
        [372, 86, 64, 64, 20, 53, 50, 58, 30, 457, 407, 412, 364, 468, 373, 430, 438, 393, 793, 740, 692, 781, 686, 776, 680, 769, 918, 891, 893, 849, 860, 832, 852, 866, 807, 492, 472, 470, 440, 420, 422, 403, 370, 373, 370, 28, 0, 384, 787, 721, 702],
        [383, 461, 360, 447, 393, 438, 340, 326, 373, 128, 94, 78, 60, 104, 30, 50, 53, 20, 580, 531, 500, 551, 484, 538, 468, 518, 942, 935, 912, 885, 872, 865, 863, 853, 836, 763, 746, 730, 694, 677, 704, 635, 635, 664, 646, 411, 384, 0, 565, 518, 707],
        [450, 817, 728, 824, 781, 829, 740, 750, 797, 438, 474, 487, 524, 476, 544, 531, 546, 580, 20, 50, 100, 20, 101, 40, 107, 70, 586, 609, 559, 566, 523, 549, 514, 474, 524, 838, 832, 803, 776, 771, 820, 718, 761, 810, 780, 800, 787, 565, 0, 70, 424],
        [380, 749, 660, 756, 714, 762, 674, 685, 731, 394, 425, 440, 473, 435, 495, 488, 504, 534, 72, 20, 30, 72, 36, 80, 50, 98, 559, 577, 531, 532, 493, 514, 484, 449, 487, 771, 765, 736, 708, 703, 751, 650, 692, 741, 711, 733, 721, 518, 70, 0, 378],
        [353, 686, 640, 707, 687, 721, 672, 696, 726, 620, 622, 641, 647, 670, 677, 701, 721, 726, 410, 390, 360, 438, 377, 453, 394, 476, 235, 230, 206, 180, 167, 160, 158, 164, 130, 502, 504, 475, 460, 465, 514, 423, 481, 528, 499, 700, 702, 707, 424, 378, 0]
    ],
    "metadata": {
        "metric_variant": "euclidean",
        "authors": "Marius M. Solomon"
    }
}
