{
    "instance_name": "RC203",
    "instance_origin": "Solomon1987",
    "benchmark_name": "Dimacs2021",
    "num_customers": 25,
    "num_vehicles": 25,
    "vehicle_capacity": 1000,
    "coordinates": [
        [40, 50],
        [25, 85],
        [22, 75],
        [22, 85],
        [20, 80],
        [20, 85],
        [18, 75],
        [15, 75],
        [15, 80],
        [10, 35],
        [10, 40],
        [8, 40],
        [8, 45],
        [5, 35],
        [5, 45],
        [2, 40],
        [0, 40],
        [0, 45],
        [44, 5],
        [42, 10],
        [42, 15],
        [40, 5],
        [40, 15],
        [38, 5],
        [38, 15],
        [35, 5]
    ],
    "demands": [0, 20, 30, 10, 40, 20, 20, 20, 10, 20, 30, 40, 20, 10, 10, 20, 20, 20, 20, 40, 10, 10, 40, 30, 10, 20],
    "service_times": [0, 100, 100, 100, 100, 100, 100, 100, 100, 100, 100, 100, 100, 100, 100, 100, 100, 100, 100, 100, 100, 100, 100, 100, 100, 100],
    "time_windows": [
        [0, 9600],
        [0, 9110],
        [0, 9190],
        [0, 9100],
        [6440, 7640],
        [0, 9090],
        [3880, 5080],
        [0, 9140],
        [3670, 4870],
        [3710, 4910],
        [5190, 6390],
        [1950, 3150],
        [0, 9170],
        [6530, 7730],
        [0, 9140],
        [1740, 2940],
        [0, 9080],
        [7030, 8230],
        [0, 9040],
        [0, 9090],
        [0, 9140],
        [0, 9050],
        [3750, 4950],
        [2010, 3210],
        [0, 9140],
        [7840, 9040]
    ],
    "depot": 0,
    "arc_costs": [
        [0, 380, 308, 393, 360, 403, 333, 353, 390, 335, 316, 335, 323, 380, 353, 392, 412, 403, 451, 400, 350, 450, 350, 450, 350, 452],
        [380, 0, 104, 30, 70, 50, 122, 141, 111, 522, 474, 481, 434, 538, 447, 505, 514, 471, 822, 769, 720, 813, 715, 810, 711, 806],
        [308, 104, 0, 100, 53, 101, 40, 70, 86, 417, 370, 376, 331, 434, 344, 403, 413, 372, 733, 680, 632, 722, 626, 718, 620, 711],
        [393, 30, 100, 0, 53, 20, 107, 122, 86, 514, 465, 471, 423, 528, 434, 492, 500, 456, 829, 776, 728, 820, 722, 815, 718, 810],
        [360, 70, 53, 53, 0, 50, 53, 70, 50, 460, 412, 417, 370, 474, 380, 438, 447, 403, 787, 733, 686, 776, 680, 771, 674, 764],
        [403, 50, 101, 20, 50, 0, 101, 111, 70, 509, 460, 465, 417, 522, 427, 484, 492, 447, 835, 781, 733, 824, 728, 820, 722, 813],
        [333, 122, 40, 107, 53, 101, 0, 30, 58, 407, 359, 364, 316, 420, 326, 384, 393, 349, 746, 692, 646, 733, 639, 728, 632, 720],
        [353, 141, 70, 122, 70, 111, 30, 0, 50, 403, 353, 356, 308, 412, 316, 373, 380, 335, 757, 703, 657, 743, 650, 736, 642, 728],
        [390, 111, 86, 86, 50, 70, 58, 50, 0, 452, 403, 406, 356, 460, 364, 420, 427, 380, 804, 750, 703, 790, 696, 784, 689, 776],
        [335, 522, 417, 514, 460, 509, 407, 403, 452, 0, 50, 53, 101, 50, 111, 94, 111, 141, 453, 406, 377, 424, 360, 410, 344, 390],
        [316, 474, 370, 465, 412, 460, 359, 353, 403, 50, 0, 20, 53, 70, 70, 80, 100, 111, 487, 438, 406, 460, 390, 448, 375, 430],
        [335, 481, 376, 471, 417, 465, 364, 356, 406, 53, 20, 0, 50, 58, 58, 60, 80, 94, 502, 453, 422, 474, 406, 460, 390, 442],
        [323, 434, 331, 423, 370, 417, 316, 308, 356, 101, 53, 50, 0, 104, 30, 78, 94, 80, 538, 487, 453, 512, 438, 500, 424, 482],
        [380, 538, 434, 528, 474, 522, 420, 412, 460, 50, 70, 58, 104, 0, 100, 58, 70, 111, 492, 446, 420, 460, 403, 445, 385, 424],
        [353, 447, 344, 434, 380, 427, 326, 316, 364, 111, 70, 58, 30, 100, 0, 58, 70, 50, 558, 509, 476, 531, 460, 518, 445, 500],
        [392, 505, 403, 492, 438, 484, 384, 373, 420, 94, 80, 60, 78, 58, 58, 0, 20, 53, 546, 500, 471, 516, 454, 502, 438, 481],
        [412, 514, 413, 500, 447, 492, 393, 380, 427, 111, 100, 80, 94, 70, 70, 20, 0, 50, 562, 516, 488, 531, 471, 516, 454, 494],
        [403, 471, 372, 456, 403, 447, 349, 335, 380, 141, 111, 94, 80, 111, 50, 53, 50, 0, 594, 546, 516, 565, 500, 551, 484, 531],
        [451, 822, 733, 829, 787, 835, 746, 757, 804, 453, 487, 502, 538, 492, 558, 546, 562, 594, 0, 53, 101, 40, 107, 60, 116, 90],
        [400, 769, 680, 776, 733, 781, 692, 703, 750, 406, 438, 453, 487, 446, 509, 500, 516, 546, 53, 0, 50, 53, 53, 64, 64, 86],
        [350, 720, 632, 728, 686, 733, 646, 657, 703, 377, 406, 422, 453, 420, 476, 471, 488, 516, 101, 50, 0, 101, 20, 107, 40, 122],
        [450, 813, 722, 820, 776, 824, 733, 743, 790, 424, 460, 474, 512, 460, 531, 516, 531, 565, 40, 53, 101, 0, 100, 20, 101, 50],
        [350, 715, 626, 722, 680, 728, 639, 650, 696, 360, 390, 406, 438, 403, 460, 454, 471, 500, 107, 53, 20, 100, 0, 101, 20, 111],
        [450, 810, 718, 815, 771, 820, 728, 736, 784, 410, 448, 460, 500, 445, 518, 502, 516, 551, 60, 64, 107, 20, 101, 0, 100, 30],
        [350, 711, 620, 718, 674, 722, 632, 642, 689, 344, 375, 390, 424, 385, 445, 438, 454, 484, 116, 64, 40, 101, 20, 100, 0, 104],
        [452, 806, 711, 810, 764, 813, 720, 728, 776, 390, 430, 442, 482, 424, 500, 481, 494, 531, 90, 86, 122, 50, 111, 30, 104, 0]
    ],
    "metadata": {
        "metric_variant": "euclidean",
        "authors": "Marius M. Solomon"
    }
}
